0	1.2250
1	1.2249
2	1.2248
3	1.2247
4	1.2245
5	1.2244
6	1.2243
7	1.2242
8	1.2241
9	1.2239
10	1.2238
11	1.2237
12	1.2236
13	1.2235
14	1.2234
15	1.2232
16	1.2231
17	1.2230
18	1.2229
19	1.2228
20	1.2227
21	1.2225
22	1.2224
23	1.2223
24	1.2222
25	1.2221
26	1.2220
27	1.2218
28	1.2217
29	1.2216
30	1.2215
31	1.2214
32	1.2212
33	1.2211
34	1.2210
35	1.2209
36	1.2208
37	1.2207
38	1.2205
39	1.2204
40	1.2203
41	1.2202
42	1.2201
43	1.2200
44	1.2198
45	1.2197
46	1.2196
47	1.2195
48	1.2194
49	1.2193
50	1.2191
51	1.2190
52	1.2189
53	1.2188
54	1.2187
55	1.2185
56	1.2184
57	1.2183
58	1.2182
59	1.2181
60	1.2180
61	1.2178
62	1.2177
63	1.2176
64	1.2175
65	1.2174
66	1.2173
67	1.2171
68	1.2170
69	1.2169
70	1.2168
71	1.2167
72	1.2166
73	1.2164
74	1.2163
75	1.2162
76	1.2161
77	1.2160
78	1.2159
79	1.2157
80	1.2156
81	1.2155
82	1.2154
83	1.2153
84	1.2152
85	1.2150
86	1.2149
87	1.2148
88	1.2147
89	1.2146
90	1.2145
91	1.2143
92	1.2142
93	1.2141
94	1.2140
95	1.2139
96	1.2138
97	1.2136
98	1.2135
99	1.2134
100	1.2133
101	1.2132
102	1.2131
103	1.2129
104	1.2128
105	1.2127
106	1.2126
107	1.2125
108	1.2124
109	1.2122
110	1.2121
111	1.2120
112	1.2119
113	1.2118
114	1.2117
115	1.2115
116	1.2114
117	1.2113
118	1.2112
119	1.2111
120	1.2110
121	1.2108
122	1.2107
123	1.2106
124	1.2105
125	1.2104
126	1.2103
127	1.2101
128	1.2100
129	1.2099
130	1.2098
131	1.2097
132	1.2096
133	1.2094
134	1.2093
135	1.2092
136	1.2091
137	1.2090
138	1.2089
139	1.2087
140	1.2086
141	1.2085
142	1.2084
143	1.2083
144	1.2082
145	1.2080
146	1.2079
147	1.2078
148	1.2077
149	1.2076
150	1.2075
151	1.2073
152	1.2072
153	1.2071
154	1.2070
155	1.2069
156	1.2068
157	1.2066
158	1.2065
159	1.2064
160	1.2063
161	1.2062
162	1.2061
163	1.2060
164	1.2058
165	1.2057
166	1.2056
167	1.2055
168	1.2054
169	1.2053
170	1.2051
171	1.2050
172	1.2049
173	1.2048
174	1.2047
175	1.2046
176	1.2044
177	1.2043
178	1.2042
179	1.2041
180	1.2040
181	1.2039
182	1.2037
183	1.2036
184	1.2035
185	1.2034
186	1.2033
187	1.2032
188	1.2030
189	1.2029
190	1.2028
191	1.2027
192	1.2026
193	1.2025
194	1.2024
195	1.2022
196	1.2021
197	1.2020
198	1.2019
199	1.2018
200	1.2017
201	1.2015
202	1.2014
203	1.2013
204	1.2012
205	1.2011
206	1.2010
207	1.2008
208	1.2007
209	1.2006
210	1.2005
211	1.2004
212	1.2003
213	1.2002
214	1.2000
215	1.1999
216	1.1998
217	1.1997
218	1.1996
219	1.1995
220	1.1993
221	1.1992
222	1.1991
223	1.1990
224	1.1989
225	1.1988
226	1.1986
227	1.1985
228	1.1984
229	1.1983
230	1.1982
231	1.1981
232	1.1980
233	1.1978
234	1.1977
235	1.1976
236	1.1975
237	1.1974
238	1.1973
239	1.1971
240	1.1970
241	1.1969
242	1.1968
243	1.1967
244	1.1966
245	1.1965
246	1.1963
247	1.1962
248	1.1961
249	1.1960
250	1.1959
251	1.1958
252	1.1956
253	1.1955
254	1.1954
255	1.1953
256	1.1952
257	1.1951
258	1.1949
259	1.1948
260	1.1947
261	1.1946
262	1.1945
263	1.1944
264	1.1943
265	1.1941
266	1.1940
267	1.1939
268	1.1938
269	1.1937
270	1.1936
271	1.1935
272	1.1933
273	1.1932
274	1.1931
275	1.1930
276	1.1929
277	1.1928
278	1.1926
279	1.1925
280	1.1924
281	1.1923
282	1.1922
283	1.1921
284	1.1920
285	1.1918
286	1.1917
287	1.1916
288	1.1915
289	1.1914
290	1.1913
291	1.1911
292	1.1910
293	1.1909
294	1.1908
295	1.1907
296	1.1906
297	1.1905
298	1.1903
299	1.1902
300	1.1901
301	1.1900
302	1.1899
303	1.1898
304	1.1897
305	1.1895
306	1.1894
307	1.1893
308	1.1892
309	1.1891
310	1.1890
311	1.1888
312	1.1887
313	1.1886
314	1.1885
315	1.1884
316	1.1883
317	1.1882
318	1.1880
319	1.1879
320	1.1878
321	1.1877
322	1.1876
323	1.1875
324	1.1874
325	1.1872
326	1.1871
327	1.1870
328	1.1869
329	1.1868
330	1.1867
331	1.1865
332	1.1864
333	1.1863
334	1.1862
335	1.1861
336	1.1860
337	1.1859
338	1.1857
339	1.1856
340	1.1855
341	1.1854
342	1.1853
343	1.1852
344	1.1851
345	1.1849
346	1.1848
347	1.1847
348	1.1846
349	1.1845
350	1.1844
351	1.1843
352	1.1841
353	1.1840
354	1.1839
355	1.1838
356	1.1837
357	1.1836
358	1.1835
359	1.1833
360	1.1832
361	1.1831
362	1.1830
363	1.1829
364	1.1828
365	1.1827
366	1.1825
367	1.1824
368	1.1823
369	1.1822
370	1.1821
371	1.1820
372	1.1819
373	1.1817
374	1.1816
375	1.1815
376	1.1814
377	1.1813
378	1.1812
379	1.1810
380	1.1809
381	1.1808
382	1.1807
383	1.1806
384	1.1805
385	1.1804
386	1.1802
387	1.1801
388	1.1800
389	1.1799
390	1.1798
391	1.1797
392	1.1796
393	1.1794
394	1.1793
395	1.1792
396	1.1791
397	1.1790
398	1.1789
399	1.1788
400	1.1786
401	1.1785
402	1.1784
403	1.1783
404	1.1782
405	1.1781
406	1.1780
407	1.1779
408	1.1777
409	1.1776
410	1.1775
411	1.1774
412	1.1773
413	1.1772
414	1.1771
415	1.1769
416	1.1768
417	1.1767
418	1.1766
419	1.1765
420	1.1764
421	1.1763
422	1.1761
423	1.1760
424	1.1759
425	1.1758
426	1.1757
427	1.1756
428	1.1755
429	1.1753
430	1.1752
431	1.1751
432	1.1750
433	1.1749
434	1.1748
435	1.1747
436	1.1745
437	1.1744
438	1.1743
439	1.1742
440	1.1741
441	1.1740
442	1.1739
443	1.1737
444	1.1736
445	1.1735
446	1.1734
447	1.1733
448	1.1732
449	1.1731
450	1.1730
451	1.1728
452	1.1727
453	1.1726
454	1.1725
455	1.1724
456	1.1723
457	1.1722
458	1.1720
459	1.1719
460	1.1718
461	1.1717
462	1.1716
463	1.1715
464	1.1714
465	1.1712
466	1.1711
467	1.1710
468	1.1709
469	1.1708
470	1.1707
471	1.1706
472	1.1705
473	1.1703
474	1.1702
475	1.1701
476	1.1700
477	1.1699
478	1.1698
479	1.1697
480	1.1695
481	1.1694
482	1.1693
483	1.1692
484	1.1691
485	1.1690
486	1.1689
487	1.1687
488	1.1686
489	1.1685
490	1.1684
491	1.1683
492	1.1682
493	1.1681
494	1.1680
495	1.1678
496	1.1677
497	1.1676
498	1.1675
499	1.1674
500	1.1673
501	1.1672
502	1.1670
503	1.1669
504	1.1668
505	1.1667
506	1.1666
507	1.1665
508	1.1664
509	1.1663
510	1.1661
511	1.1660
512	1.1659
513	1.1658
514	1.1657
515	1.1656
516	1.1655
517	1.1653
518	1.1652
519	1.1651
520	1.1650
521	1.1649
522	1.1648
523	1.1647
524	1.1646
525	1.1644
526	1.1643
527	1.1642
528	1.1641
529	1.1640
530	1.1639
531	1.1638
532	1.1637
533	1.1635
534	1.1634
535	1.1633
536	1.1632
537	1.1631
538	1.1630
539	1.1629
540	1.1627
541	1.1626
542	1.1625
543	1.1624
544	1.1623
545	1.1622
546	1.1621
547	1.1620
548	1.1618
549	1.1617
550	1.1616
551	1.1615
552	1.1614
553	1.1613
554	1.1612
555	1.1611
556	1.1609
557	1.1608
558	1.1607
559	1.1606
560	1.1605
561	1.1604
562	1.1603
563	1.1602
564	1.1600
565	1.1599
566	1.1598
567	1.1597
568	1.1596
569	1.1595
570	1.1594
571	1.1592
572	1.1591
573	1.1590
574	1.1589
575	1.1588
576	1.1587
577	1.1586
578	1.1585
579	1.1583
580	1.1582
581	1.1581
582	1.1580
583	1.1579
584	1.1578
585	1.1577
586	1.1576
587	1.1574
588	1.1573
589	1.1572
590	1.1571
591	1.1570
592	1.1569
593	1.1568
594	1.1567
595	1.1565
596	1.1564
597	1.1563
598	1.1562
599	1.1561
600	1.1560
601	1.1559
602	1.1558
603	1.1556
604	1.1555
605	1.1554
606	1.1553
607	1.1552
608	1.1551
609	1.1550
610	1.1549
611	1.1547
612	1.1546
613	1.1545
614	1.1544
615	1.1543
616	1.1542
617	1.1541
618	1.1540
619	1.1538
620	1.1537
621	1.1536
622	1.1535
623	1.1534
624	1.1533
625	1.1532
626	1.1531
627	1.1529
628	1.1528
629	1.1527
630	1.1526
631	1.1525
632	1.1524
633	1.1523
634	1.1522
635	1.1520
636	1.1519
637	1.1518
638	1.1517
639	1.1516
640	1.1515
641	1.1514
642	1.1513
643	1.1512
644	1.1510
645	1.1509
646	1.1508
647	1.1507
648	1.1506
649	1.1505
650	1.1504
651	1.1503
652	1.1501
653	1.1500
654	1.1499
655	1.1498
656	1.1497
657	1.1496
658	1.1495
659	1.1494
660	1.1492
661	1.1491
662	1.1490
663	1.1489
664	1.1488
665	1.1487
666	1.1486
667	1.1485
668	1.1484
669	1.1482
670	1.1481
671	1.1480
672	1.1479
673	1.1478
674	1.1477
675	1.1476
676	1.1475
677	1.1473
678	1.1472
679	1.1471
680	1.1470
681	1.1469
682	1.1468
683	1.1467
684	1.1466
685	1.1464
686	1.1463
687	1.1462
688	1.1461
689	1.1460
690	1.1459
691	1.1458
692	1.1457
693	1.1456
694	1.1454
695	1.1453
696	1.1452
697	1.1451
698	1.1450
699	1.1449
700	1.1448
701	1.1447
702	1.1446
703	1.1444
704	1.1443
705	1.1442
706	1.1441
707	1.1440
708	1.1439
709	1.1438
710	1.1437
711	1.1435
712	1.1434
713	1.1433
714	1.1432
715	1.1431
716	1.1430
717	1.1429
718	1.1428
719	1.1427
720	1.1425
721	1.1424
722	1.1423
723	1.1422
724	1.1421
725	1.1420
726	1.1419
727	1.1418
728	1.1417
729	1.1415
730	1.1414
731	1.1413
732	1.1412
733	1.1411
734	1.1410
735	1.1409
736	1.1408
737	1.1406
738	1.1405
739	1.1404
740	1.1403
741	1.1402
742	1.1401
743	1.1400
744	1.1399
745	1.1398
746	1.1396
747	1.1395
748	1.1394
749	1.1393
750	1.1392
751	1.1391
752	1.1390
753	1.1389
754	1.1388
755	1.1386
756	1.1385
757	1.1384
758	1.1383
759	1.1382
760	1.1381
761	1.1380
762	1.1379
763	1.1378
764	1.1376
765	1.1375
766	1.1374
767	1.1373
768	1.1372
769	1.1371
770	1.1370
771	1.1369
772	1.1368
773	1.1366
774	1.1365
775	1.1364
776	1.1363
777	1.1362
778	1.1361
779	1.1360
780	1.1359
781	1.1358
782	1.1356
783	1.1355
784	1.1354
785	1.1353
786	1.1352
787	1.1351
788	1.1350
789	1.1349
790	1.1348
791	1.1346
792	1.1345
793	1.1344
794	1.1343
795	1.1342
796	1.1341
797	1.1340
798	1.1339
799	1.1338
800	1.1336
801	1.1335
802	1.1334
803	1.1333
804	1.1332
805	1.1331
806	1.1330
807	1.1329
808	1.1328
809	1.1327
810	1.1325
811	1.1324
812	1.1323
813	1.1322
814	1.1321
815	1.1320
816	1.1319
817	1.1318
818	1.1317
819	1.1315
820	1.1314
821	1.1313
822	1.1312
823	1.1311
824	1.1310
825	1.1309
826	1.1308
827	1.1307
828	1.1305
829	1.1304
830	1.1303
831	1.1302
832	1.1301
833	1.1300
834	1.1299
835	1.1298
836	1.1297
837	1.1296
838	1.1294
839	1.1293
840	1.1292
841	1.1291
842	1.1290
843	1.1289
844	1.1288
845	1.1287
846	1.1286
847	1.1284
848	1.1283
849	1.1282
850	1.1281
851	1.1280
852	1.1279
853	1.1278
854	1.1277
855	1.1276
856	1.1275
857	1.1273
858	1.1272
859	1.1271
860	1.1270
861	1.1269
862	1.1268
863	1.1267
864	1.1266
865	1.1265
866	1.1264
867	1.1262
868	1.1261
869	1.1260
870	1.1259
871	1.1258
872	1.1257
873	1.1256
874	1.1255
875	1.1254
876	1.1252
877	1.1251
878	1.1250
879	1.1249
880	1.1248
881	1.1247
882	1.1246
883	1.1245
884	1.1244
885	1.1243
886	1.1241
887	1.1240
888	1.1239
889	1.1238
890	1.1237
891	1.1236
892	1.1235
893	1.1234
894	1.1233
895	1.1232
896	1.1230
897	1.1229
898	1.1228
899	1.1227
900	1.1226
901	1.1225
902	1.1224
903	1.1223
904	1.1222
905	1.1221
906	1.1219
907	1.1218
908	1.1217
909	1.1216
910	1.1215
911	1.1214
912	1.1213
913	1.1212
914	1.1211
915	1.1210
916	1.1208
917	1.1207
918	1.1206
919	1.1205
920	1.1204
921	1.1203
922	1.1202
923	1.1201
924	1.1200
925	1.1199
926	1.1197
927	1.1196
928	1.1195
929	1.1194
930	1.1193
931	1.1192
932	1.1191
933	1.1190
934	1.1189
935	1.1188
936	1.1187
937	1.1185
938	1.1184
939	1.1183
940	1.1182
941	1.1181
942	1.1180
943	1.1179
944	1.1178
945	1.1177
946	1.1176
947	1.1174
948	1.1173
949	1.1172
950	1.1171
951	1.1170
952	1.1169
953	1.1168
954	1.1167
955	1.1166
956	1.1165
957	1.1164
958	1.1162
959	1.1161
960	1.1160
961	1.1159
962	1.1158
963	1.1157
964	1.1156
965	1.1155
966	1.1154
967	1.1153
968	1.1151
969	1.1150
970	1.1149
971	1.1148
972	1.1147
973	1.1146
974	1.1145
975	1.1144
976	1.1143
977	1.1142
978	1.1141
979	1.1139
980	1.1138
981	1.1137
982	1.1136
983	1.1135
984	1.1134
985	1.1133
986	1.1132
987	1.1131
988	1.1130
989	1.1128
990	1.1127
991	1.1126
992	1.1125
993	1.1124
994	1.1123
995	1.1122
996	1.1121
997	1.1120
998	1.1119
999	1.1118
1000	1.1116
1001	1.1115
1002	1.1114
1003	1.1113
1004	1.1112
1005	1.1111
1006	1.1110
1007	1.1109
1008	1.1108
1009	1.1107
1010	1.1106
1011	1.1104
1012	1.1103
1013	1.1102
1014	1.1101
1015	1.1100
1016	1.1099
1017	1.1098
1018	1.1097
1019	1.1096
1020	1.1095
1021	1.1094
1022	1.1092
1023	1.1091
1024	1.1090
1025	1.1089
1026	1.1088
1027	1.1087
1028	1.1086
1029	1.1085
1030	1.1084
1031	1.1083
1032	1.1082
1033	1.1080
1034	1.1079
1035	1.1078
1036	1.1077
1037	1.1076
1038	1.1075
1039	1.1074
1040	1.1073
1041	1.1072
1042	1.1071
1043	1.1070
1044	1.1069
1045	1.1067
1046	1.1066
1047	1.1065
1048	1.1064
1049	1.1063
1050	1.1062
1051	1.1061
1052	1.1060
1053	1.1059
1054	1.1058
1055	1.1057
1056	1.1055
1057	1.1054
1058	1.1053
1059	1.1052
1060	1.1051
1061	1.1050
1062	1.1049
1063	1.1048
1064	1.1047
1065	1.1046
1066	1.1045
1067	1.1044
1068	1.1042
1069	1.1041
1070	1.1040
1071	1.1039
1072	1.1038
1073	1.1037
1074	1.1036
1075	1.1035
1076	1.1034
1077	1.1033
1078	1.1032
1079	1.1030
1080	1.1029
1081	1.1028
1082	1.1027
1083	1.1026
1084	1.1025
1085	1.1024
1086	1.1023
1087	1.1022
1088	1.1021
1089	1.1020
1090	1.1019
1091	1.1017
1092	1.1016
1093	1.1015
1094	1.1014
1095	1.1013
1096	1.1012
1097	1.1011
1098	1.1010
1099	1.1009
1100	1.1008
1101	1.1007
1102	1.1006
1103	1.1004
1104	1.1003
1105	1.1002
1106	1.1001
1107	1.1000
1108	1.0999
1109	1.0998
1110	1.0997
1111	1.0996
1112	1.0995
1113	1.0994
1114	1.0993
1115	1.0991
1116	1.0990
1117	1.0989
1118	1.0988
1119	1.0987
1120	1.0986
1121	1.0985
1122	1.0984
1123	1.0983
1124	1.0982
1125	1.0981
1126	1.0980
1127	1.0978
1128	1.0977
1129	1.0976
1130	1.0975
1131	1.0974
1132	1.0973
1133	1.0972
1134	1.0971
1135	1.0970
1136	1.0969
1137	1.0968
1138	1.0967
1139	1.0966
1140	1.0964
1141	1.0963
1142	1.0962
1143	1.0961
1144	1.0960
1145	1.0959
1146	1.0958
1147	1.0957
1148	1.0956
1149	1.0955
1150	1.0954
1151	1.0953
1152	1.0951
1153	1.0950
1154	1.0949
1155	1.0948
1156	1.0947
1157	1.0946
1158	1.0945
1159	1.0944
1160	1.0943
1161	1.0942
1162	1.0941
1163	1.0940
1164	1.0939
1165	1.0937
1166	1.0936
1167	1.0935
1168	1.0934
1169	1.0933
1170	1.0932
1171	1.0931
1172	1.0930
1173	1.0929
1174	1.0928
1175	1.0927
1176	1.0926
1177	1.0925
1178	1.0923
1179	1.0922
1180	1.0921
1181	1.0920
1182	1.0919
1183	1.0918
1184	1.0917
1185	1.0916
1186	1.0915
1187	1.0914
1188	1.0913
1189	1.0912
1190	1.0911
1191	1.0909
1192	1.0908
1193	1.0907
1194	1.0906
1195	1.0905
1196	1.0904
1197	1.0903
1198	1.0902
1199	1.0901
1200	1.0900
1201	1.0899
1202	1.0898
1203	1.0897
1204	1.0895
1205	1.0894
1206	1.0893
1207	1.0892
1208	1.0891
1209	1.0890
1210	1.0889
1211	1.0888
1212	1.0887
1213	1.0886
1214	1.0885
1215	1.0884
1216	1.0883
1217	1.0881
1218	1.0880
1219	1.0879
1220	1.0878
1221	1.0877
1222	1.0876
1223	1.0875
1224	1.0874
1225	1.0873
1226	1.0872
1227	1.0871
1228	1.0870
1229	1.0869
1230	1.0868
1231	1.0866
1232	1.0865
1233	1.0864
1234	1.0863
1235	1.0862
1236	1.0861
1237	1.0860
1238	1.0859
1239	1.0858
1240	1.0857
1241	1.0856
1242	1.0855
1243	1.0854
1244	1.0852
1245	1.0851
1246	1.0850
1247	1.0849
1248	1.0848
1249	1.0847
1250	1.0846
1251	1.0845
1252	1.0844
1253	1.0843
1254	1.0842
1255	1.0841
1256	1.0840
1257	1.0839
1258	1.0838
1259	1.0836
1260	1.0835
1261	1.0834
1262	1.0833
1263	1.0832
1264	1.0831
1265	1.0830
1266	1.0829
1267	1.0828
1268	1.0827
1269	1.0826
1270	1.0825
1271	1.0824
1272	1.0823
1273	1.0821
1274	1.0820
1275	1.0819
1276	1.0818
1277	1.0817
1278	1.0816
1279	1.0815
1280	1.0814
1281	1.0813
1282	1.0812
1283	1.0811
1284	1.0810
1285	1.0809
1286	1.0808
1287	1.0806
1288	1.0805
1289	1.0804
1290	1.0803
1291	1.0802
1292	1.0801
1293	1.0800
1294	1.0799
1295	1.0798
1296	1.0797
1297	1.0796
1298	1.0795
1299	1.0794
1300	1.0793
1301	1.0792
1302	1.0790
1303	1.0789
1304	1.0788
1305	1.0787
1306	1.0786
1307	1.0785
1308	1.0784
1309	1.0783
1310	1.0782
1311	1.0781
1312	1.0780
1313	1.0779
1314	1.0778
1315	1.0777
1316	1.0776
1317	1.0774
1318	1.0773
1319	1.0772
1320	1.0771
1321	1.0770
1322	1.0769
1323	1.0768
1324	1.0767
1325	1.0766
1326	1.0765
1327	1.0764
1328	1.0763
1329	1.0762
1330	1.0761
1331	1.0760
1332	1.0758
1333	1.0757
1334	1.0756
1335	1.0755
1336	1.0754
1337	1.0753
1338	1.0752
1339	1.0751
1340	1.0750
1341	1.0749
1342	1.0748
1343	1.0747
1344	1.0746
1345	1.0745
1346	1.0744
1347	1.0743
1348	1.0741
1349	1.0740
1350	1.0739
1351	1.0738
1352	1.0737
1353	1.0736
1354	1.0735
1355	1.0734
1356	1.0733
1357	1.0732
1358	1.0731
1359	1.0730
1360	1.0729
1361	1.0728
1362	1.0727
1363	1.0726
1364	1.0724
1365	1.0723
1366	1.0722
1367	1.0721
1368	1.0720
1369	1.0719
1370	1.0718
1371	1.0717
1372	1.0716
1373	1.0715
1374	1.0714
1375	1.0713
1376	1.0712
1377	1.0711
1378	1.0710
1379	1.0709
1380	1.0707
1381	1.0706
1382	1.0705
1383	1.0704
1384	1.0703
1385	1.0702
1386	1.0701
1387	1.0700
1388	1.0699
1389	1.0698
1390	1.0697
1391	1.0696
1392	1.0695
1393	1.0694
1394	1.0693
1395	1.0692
1396	1.0690
1397	1.0689
1398	1.0688
1399	1.0687
1400	1.0686
1401	1.0685
1402	1.0684
1403	1.0683
1404	1.0682
1405	1.0681
1406	1.0680
1407	1.0679
1408	1.0678
1409	1.0677
1410	1.0676
1411	1.0675
1412	1.0674
1413	1.0672
1414	1.0671
1415	1.0670
1416	1.0669
1417	1.0668
1418	1.0667
1419	1.0666
1420	1.0665
1421	1.0664
1422	1.0663
1423	1.0662
1424	1.0661
1425	1.0660
1426	1.0659
1427	1.0658
1428	1.0657
1429	1.0656
1430	1.0655
1431	1.0653
1432	1.0652
1433	1.0651
1434	1.0650
1435	1.0649
1436	1.0648
1437	1.0647
1438	1.0646
1439	1.0645
1440	1.0644
1441	1.0643
1442	1.0642
1443	1.0641
1444	1.0640
1445	1.0639
1446	1.0638
1447	1.0637
1448	1.0636
1449	1.0634
1450	1.0633
1451	1.0632
1452	1.0631
1453	1.0630
1454	1.0629
1455	1.0628
1456	1.0627
1457	1.0626
1458	1.0625
1459	1.0624
1460	1.0623
1461	1.0622
1462	1.0621
1463	1.0620
1464	1.0619
1465	1.0618
1466	1.0617
1467	1.0615
1468	1.0614
1469	1.0613
1470	1.0612
1471	1.0611
1472	1.0610
1473	1.0609
1474	1.0608
1475	1.0607
1476	1.0606
1477	1.0605
1478	1.0604
1479	1.0603
1480	1.0602
1481	1.0601
1482	1.0600
1483	1.0599
1484	1.0598
1485	1.0597
1486	1.0595
1487	1.0594
1488	1.0593
1489	1.0592
1490	1.0591
1491	1.0590
1492	1.0589
1493	1.0588
1494	1.0587
1495	1.0586
1496	1.0585
1497	1.0584
1498	1.0583
1499	1.0582
1500	1.0581
1501	1.0580
1502	1.0579
1503	1.0578
1504	1.0577
1505	1.0575
1506	1.0574
1507	1.0573
1508	1.0572
1509	1.0571
1510	1.0570
1511	1.0569
1512	1.0568
1513	1.0567
1514	1.0566
1515	1.0565
1516	1.0564
1517	1.0563
1518	1.0562
1519	1.0561
1520	1.0560
1521	1.0559
1522	1.0558
1523	1.0557
1524	1.0556
1525	1.0554
1526	1.0553
1527	1.0552
1528	1.0551
1529	1.0550
1530	1.0549
1531	1.0548
1532	1.0547
1533	1.0546
1534	1.0545
1535	1.0544
1536	1.0543
1537	1.0542
1538	1.0541
1539	1.0540
1540	1.0539
1541	1.0538
1542	1.0537
1543	1.0536
1544	1.0535
1545	1.0533
1546	1.0532
1547	1.0531
1548	1.0530
1549	1.0529
1550	1.0528
1551	1.0527
1552	1.0526
1553	1.0525
1554	1.0524
1555	1.0523
1556	1.0522
1557	1.0521
1558	1.0520
1559	1.0519
1560	1.0518
1561	1.0517
1562	1.0516
1563	1.0515
1564	1.0514
1565	1.0513
1566	1.0512
1567	1.0510
1568	1.0509
1569	1.0508
1570	1.0507
1571	1.0506
1572	1.0505
1573	1.0504
1574	1.0503
1575	1.0502
1576	1.0501
1577	1.0500
1578	1.0499
1579	1.0498
1580	1.0497
1581	1.0496
1582	1.0495
1583	1.0494
1584	1.0493
1585	1.0492
1586	1.0491
1587	1.0490
1588	1.0489
1589	1.0487
1590	1.0486
1591	1.0485
1592	1.0484
1593	1.0483
1594	1.0482
1595	1.0481
1596	1.0480
1597	1.0479
1598	1.0478
1599	1.0477
1600	1.0476
1601	1.0475
1602	1.0474
1603	1.0473
1604	1.0472
1605	1.0471
1606	1.0470
1607	1.0469
1608	1.0468
1609	1.0467
1610	1.0466
1611	1.0465
1612	1.0463
1613	1.0462
1614	1.0461
1615	1.0460
1616	1.0459
1617	1.0458
1618	1.0457
1619	1.0456
1620	1.0455
1621	1.0454
1622	1.0453
1623	1.0452
1624	1.0451
1625	1.0450
1626	1.0449
1627	1.0448
1628	1.0447
1629	1.0446
1630	1.0445
1631	1.0444
1632	1.0443
1633	1.0442
1634	1.0441
1635	1.0440
1636	1.0438
1637	1.0437
1638	1.0436
1639	1.0435
1640	1.0434
1641	1.0433
1642	1.0432
1643	1.0431
1644	1.0430
1645	1.0429
1646	1.0428
1647	1.0427
1648	1.0426
1649	1.0425
1650	1.0424
1651	1.0423
1652	1.0422
1653	1.0421
1654	1.0420
1655	1.0419
1656	1.0418
1657	1.0417
1658	1.0416
1659	1.0415
1660	1.0414
1661	1.0412
1662	1.0411
1663	1.0410
1664	1.0409
1665	1.0408
1666	1.0407
1667	1.0406
1668	1.0405
1669	1.0404
1670	1.0403
1671	1.0402
1672	1.0401
1673	1.0400
1674	1.0399
1675	1.0398
1676	1.0397
1677	1.0396
1678	1.0395
1679	1.0394
1680	1.0393
1681	1.0392
1682	1.0391
1683	1.0390
1684	1.0389
1685	1.0388
1686	1.0387
1687	1.0386
1688	1.0384
1689	1.0383
1690	1.0382
1691	1.0381
1692	1.0380
1693	1.0379
1694	1.0378
1695	1.0377
1696	1.0376
1697	1.0375
1698	1.0374
1699	1.0373
1700	1.0372
1701	1.0371
1702	1.0370
1703	1.0369
1704	1.0368
1705	1.0367
1706	1.0366
1707	1.0365
1708	1.0364
1709	1.0363
1710	1.0362
1711	1.0361
1712	1.0360
1713	1.0359
1714	1.0358
1715	1.0357
1716	1.0355
1717	1.0354
1718	1.0353
1719	1.0352
1720	1.0351
1721	1.0350
1722	1.0349
1723	1.0348
1724	1.0347
1725	1.0346
1726	1.0345
1727	1.0344
1728	1.0343
1729	1.0342
1730	1.0341
1731	1.0340
1732	1.0339
1733	1.0338
1734	1.0337
1735	1.0336
1736	1.0335
1737	1.0334
1738	1.0333
1739	1.0332
1740	1.0331
1741	1.0330
1742	1.0329
1743	1.0328
1744	1.0327
1745	1.0326
1746	1.0325
1747	1.0323
1748	1.0322
1749	1.0321
1750	1.0320
1751	1.0319
1752	1.0318
1753	1.0317
1754	1.0316
1755	1.0315
1756	1.0314
1757	1.0313
1758	1.0312
1759	1.0311
1760	1.0310
1761	1.0309
1762	1.0308
1763	1.0307
1764	1.0306
1765	1.0305
1766	1.0304
1767	1.0303
1768	1.0302
1769	1.0301
1770	1.0300
1771	1.0299
1772	1.0298
1773	1.0297
1774	1.0296
1775	1.0295
1776	1.0294
1777	1.0293
1778	1.0292
1779	1.0290
1780	1.0289
1781	1.0288
1782	1.0287
1783	1.0286
1784	1.0285
1785	1.0284
1786	1.0283
1787	1.0282
1788	1.0281
1789	1.0280
1790	1.0279
1791	1.0278
1792	1.0277
1793	1.0276
1794	1.0275
1795	1.0274
1796	1.0273
1797	1.0272
1798	1.0271
1799	1.0270
1800	1.0269
1801	1.0268
1802	1.0267
1803	1.0266
1804	1.0265
1805	1.0264
1806	1.0263
1807	1.0262
1808	1.0261
1809	1.0260
1810	1.0259
1811	1.0258
1812	1.0257
1813	1.0256
1814	1.0255
1815	1.0253
1816	1.0252
1817	1.0251
1818	1.0250
1819	1.0249
1820	1.0248
1821	1.0247
1822	1.0246
1823	1.0245
1824	1.0244
1825	1.0243
1826	1.0242
1827	1.0241
1828	1.0240
1829	1.0239
1830	1.0238
1831	1.0237
1832	1.0236
1833	1.0235
1834	1.0234
1835	1.0233
1836	1.0232
1837	1.0231
1838	1.0230
1839	1.0229
1840	1.0228
1841	1.0227
1842	1.0226
1843	1.0225
1844	1.0224
1845	1.0223
1846	1.0222
1847	1.0221
1848	1.0220
1849	1.0219
1850	1.0218
1851	1.0217
1852	1.0216
1853	1.0215
1854	1.0214
1855	1.0212
1856	1.0211
1857	1.0210
1858	1.0209
1859	1.0208
1860	1.0207
1861	1.0206
1862	1.0205
1863	1.0204
1864	1.0203
1865	1.0202
1866	1.0201
1867	1.0200
1868	1.0199
1869	1.0198
1870	1.0197
1871	1.0196
1872	1.0195
1873	1.0194
1874	1.0193
1875	1.0192
1876	1.0191
1877	1.0190
1878	1.0189
1879	1.0188
1880	1.0187
1881	1.0186
1882	1.0185
1883	1.0184
1884	1.0183
1885	1.0182
1886	1.0181
1887	1.0180
1888	1.0179
1889	1.0178
1890	1.0177
1891	1.0176
1892	1.0175
1893	1.0174
1894	1.0173
1895	1.0172
1896	1.0171
1897	1.0170
1898	1.0169
1899	1.0168
1900	1.0167
1901	1.0166
1902	1.0164
1903	1.0163
1904	1.0162
1905	1.0161
1906	1.0160
1907	1.0159
1908	1.0158
1909	1.0157
1910	1.0156
1911	1.0155
1912	1.0154
1913	1.0153
1914	1.0152
1915	1.0151
1916	1.0150
1917	1.0149
1918	1.0148
1919	1.0147
1920	1.0146
1921	1.0145
1922	1.0144
1923	1.0143
1924	1.0142
1925	1.0141
1926	1.0140
1927	1.0139
1928	1.0138
1929	1.0137
1930	1.0136
1931	1.0135
1932	1.0134
1933	1.0133
1934	1.0132
1935	1.0131
1936	1.0130
1937	1.0129
1938	1.0128
1939	1.0127
1940	1.0126
1941	1.0125
1942	1.0124
1943	1.0123
1944	1.0122
1945	1.0121
1946	1.0120
1947	1.0119
1948	1.0118
1949	1.0117
1950	1.0116
1951	1.0115
1952	1.0114
1953	1.0113
1954	1.0112
1955	1.0111
1956	1.0110
1957	1.0109
1958	1.0108
1959	1.0107
1960	1.0105
1961	1.0104
1962	1.0103
1963	1.0102
1964	1.0101
1965	1.0100
1966	1.0099
1967	1.0098
1968	1.0097
1969	1.0096
1970	1.0095
1971	1.0094
1972	1.0093
1973	1.0092
1974	1.0091
1975	1.0090
1976	1.0089
1977	1.0088
1978	1.0087
1979	1.0086
1980	1.0085
1981	1.0084
1982	1.0083
1983	1.0082
1984	1.0081
1985	1.0080
1986	1.0079
1987	1.0078
1988	1.0077
1989	1.0076
1990	1.0075
1991	1.0074
1992	1.0073
1993	1.0072
1994	1.0071
1995	1.0070
1996	1.0069
1997	1.0068
1998	1.0067
1999	1.0066
2000	1.0065
2001	1.0064
2002	1.0063
2003	1.0062
2004	1.0061
2005	1.0060
2006	1.0059
2007	1.0058
2008	1.0057
2009	1.0056
2010	1.0055
2011	1.0054
2012	1.0053
2013	1.0052
2014	1.0051
2015	1.0050
2016	1.0049
2017	1.0048
2018	1.0047
2019	1.0046
2020	1.0045
2021	1.0044
2022	1.0043
2023	1.0042
2024	1.0041
2025	1.0040
2026	1.0039
2027	1.0038
2028	1.0037
2029	1.0036
2030	1.0035
2031	1.0034
2032	1.0033
2033	1.0032
2034	1.0031
2035	1.0030
2036	1.0029
2037	1.0028
2038	1.0027
2039	1.0026
2040	1.0025
2041	1.0024
2042	1.0023
2043	1.0022
2044	1.0021
2045	1.0019
2046	1.0018
2047	1.0017
2048	1.0016
2049	1.0015
2050	1.0014
2051	1.0013
2052	1.0012
2053	1.0011
2054	1.0010
2055	1.0009
2056	1.0008
2057	1.0007
2058	1.0006
2059	1.0005
2060	1.0004
2061	1.0003
2062	1.0002
2063	1.0001
2064	1.0000
2065	0.9999
2066	0.9998
2067	0.9997
2068	0.9996
2069	0.9995
2070	0.9994
2071	0.9993
2072	0.9992
2073	0.9991
2074	0.9990
2075	0.9989
2076	0.9988
2077	0.9987
2078	0.9986
2079	0.9985
2080	0.9984
2081	0.9983
2082	0.9982
2083	0.9981
2084	0.9980
2085	0.9979
2086	0.9978
2087	0.9977
2088	0.9976
2089	0.9975
2090	0.9974
2091	0.9973
2092	0.9972
2093	0.9971
2094	0.9970
2095	0.9969
2096	0.9968
2097	0.9967
2098	0.9966
2099	0.9965
2100	0.9964
2101	0.9963
2102	0.9962
2103	0.9961
2104	0.9960
2105	0.9959
2106	0.9958
2107	0.9957
2108	0.9956
2109	0.9955
2110	0.9954
2111	0.9953
2112	0.9952
2113	0.9951
2114	0.9950
2115	0.9949
2116	0.9948
2117	0.9947
2118	0.9946
2119	0.9945
2120	0.9944
2121	0.9943
2122	0.9942
2123	0.9941
2124	0.9940
2125	0.9939
2126	0.9938
2127	0.9937
2128	0.9936
2129	0.9935
2130	0.9934
2131	0.9933
2132	0.9932
2133	0.9931
2134	0.9930
2135	0.9929
2136	0.9928
2137	0.9927
2138	0.9926
2139	0.9925
2140	0.9924
2141	0.9923
2142	0.9922
2143	0.9921
2144	0.9920
2145	0.9919
2146	0.9918
2147	0.9917
2148	0.9916
2149	0.9915
2150	0.9914
2151	0.9913
2152	0.9912
2153	0.9911
2154	0.9910
2155	0.9909
2156	0.9908
2157	0.9907
2158	0.9906
2159	0.9905
2160	0.9904
2161	0.9903
2162	0.9902
2163	0.9901
2164	0.9900
2165	0.9899
2166	0.9898
2167	0.9897
2168	0.9896
2169	0.9895
2170	0.9894
2171	0.9893
2172	0.9892
2173	0.9891
2174	0.9890
2175	0.9889
2176	0.9888
2177	0.9887
2178	0.9886
2179	0.9885
2180	0.9884
2181	0.9883
2182	0.9882
2183	0.9881
2184	0.9880
2185	0.9879
2186	0.9878
2187	0.9877
2188	0.9876
2189	0.9875
2190	0.9874
2191	0.9873
2192	0.9872
2193	0.9871
2194	0.9870
2195	0.9869
2196	0.9868
2197	0.9867
2198	0.9866
2199	0.9865
2200	0.9864
2201	0.9863
2202	0.9862
2203	0.9861
2204	0.9860
2205	0.9859
2206	0.9858
2207	0.9857
2208	0.9856
2209	0.9855
2210	0.9854
2211	0.9853
2212	0.9852
2213	0.9851
2214	0.9850
2215	0.9849
2216	0.9848
2217	0.9847
2218	0.9846
2219	0.9845
2220	0.9844
2221	0.9843
2222	0.9842
2223	0.9841
2224	0.9840
2225	0.9839
2226	0.9838
2227	0.9837
2228	0.9836
2229	0.9835
2230	0.9834
2231	0.9833
2232	0.9832
2233	0.9831
2234	0.9830
2235	0.9829
2236	0.9828
2237	0.9827
2238	0.9826
2239	0.9825
2240	0.9824
2241	0.9823
2242	0.9822
2243	0.9821
2244	0.9820
2245	0.9819
2246	0.9818
2247	0.9817
2248	0.9816
2249	0.9815
2250	0.9814
2251	0.9813
2252	0.9812
2253	0.9811
2254	0.9810
2255	0.9809
2256	0.9808
2257	0.9807
2258	0.9806
2259	0.9805
2260	0.9804
2261	0.9803
2262	0.9802
2263	0.9801
2264	0.9800
2265	0.9799
2266	0.9798
2267	0.9797
2268	0.9796
2269	0.9796
2270	0.9795
2271	0.9794
2272	0.9793
2273	0.9792
2274	0.9791
2275	0.9790
2276	0.9789
2277	0.9788
2278	0.9787
2279	0.9786
2280	0.9785
2281	0.9784
2282	0.9783
2283	0.9782
2284	0.9781
2285	0.9780
2286	0.9779
2287	0.9778
2288	0.9777
2289	0.9776
2290	0.9775
2291	0.9774
2292	0.9773
2293	0.9772
2294	0.9771
2295	0.9770
2296	0.9769
2297	0.9768
2298	0.9767
2299	0.9766
2300	0.9765
2301	0.9764
2302	0.9763
2303	0.9762
2304	0.9761
2305	0.9760
2306	0.9759
2307	0.9758
2308	0.9757
2309	0.9756
2310	0.9755
2311	0.9754
2312	0.9753
2313	0.9752
2314	0.9751
2315	0.9750
2316	0.9749
2317	0.9748
2318	0.9747
2319	0.9746
2320	0.9745
2321	0.9744
2322	0.9743
2323	0.9742
2324	0.9741
2325	0.9740
2326	0.9739
2327	0.9738
2328	0.9737
2329	0.9736
2330	0.9735
2331	0.9734
2332	0.9733
2333	0.9732
2334	0.9731
2335	0.9730
2336	0.9729
2337	0.9728
2338	0.9727
2339	0.9726
2340	0.9725
2341	0.9724
2342	0.9723
2343	0.9722
2344	0.9721
2345	0.9720
2346	0.9719
2347	0.9718
2348	0.9717
2349	0.9716
2350	0.9715
2351	0.9714
2352	0.9714
2353	0.9713
2354	0.9712
2355	0.9711
2356	0.9710
2357	0.9709
2358	0.9708
2359	0.9707
2360	0.9706
2361	0.9705
2362	0.9704
2363	0.9703
2364	0.9702
2365	0.9701
2366	0.9700
2367	0.9699
2368	0.9698
2369	0.9697
2370	0.9696
2371	0.9695
2372	0.9694
2373	0.9693
2374	0.9692
2375	0.9691
2376	0.9690
2377	0.9689
2378	0.9688
2379	0.9687
2380	0.9686
2381	0.9685
2382	0.9684
2383	0.9683
2384	0.9682
2385	0.9681
2386	0.9680
2387	0.9679
2388	0.9678
2389	0.9677
2390	0.9676
2391	0.9675
2392	0.9674
2393	0.9673
2394	0.9672
2395	0.9671
2396	0.9670
2397	0.9669
2398	0.9668
2399	0.9667
2400	0.9666
2401	0.9665
2402	0.9664
2403	0.9663
2404	0.9662
2405	0.9661
2406	0.9660
2407	0.9659
2408	0.9658
2409	0.9657
2410	0.9657
2411	0.9656
2412	0.9655
2413	0.9654
2414	0.9653
2415	0.9652
2416	0.9651
2417	0.9650
2418	0.9649
2419	0.9648
2420	0.9647
2421	0.9646
2422	0.9645
2423	0.9644
2424	0.9643
2425	0.9642
2426	0.9641
2427	0.9640
2428	0.9639
2429	0.9638
2430	0.9637
2431	0.9636
2432	0.9635
2433	0.9634
2434	0.9633
2435	0.9632
2436	0.9631
2437	0.9630
2438	0.9629
2439	0.9628
2440	0.9627
2441	0.9626
2442	0.9625
2443	0.9624
2444	0.9623
2445	0.9622
2446	0.9621
2447	0.9620
2448	0.9619
2449	0.9618
2450	0.9617
2451	0.9616
2452	0.9615
2453	0.9614
2454	0.9613
2455	0.9612
2456	0.9612
2457	0.9611
2458	0.9610
2459	0.9609
2460	0.9608
2461	0.9607
2462	0.9606
2463	0.9605
2464	0.9604
2465	0.9603
2466	0.9602
2467	0.9601
2468	0.9600
2469	0.9599
2470	0.9598
2471	0.9597
2472	0.9596
2473	0.9595
2474	0.9594
2475	0.9593
2476	0.9592
2477	0.9591
2478	0.9590
2479	0.9589
2480	0.9588
2481	0.9587
2482	0.9586
2483	0.9585
2484	0.9584
2485	0.9583
2486	0.9582
2487	0.9581
2488	0.9580
2489	0.9579
2490	0.9578
2491	0.9577
2492	0.9576
2493	0.9575
2494	0.9574
2495	0.9573
2496	0.9572
2497	0.9572
2498	0.9571
2499	0.9570
2500	0.9569
2501	0.9568
2502	0.9567
2503	0.9566
2504	0.9565
2505	0.9564
2506	0.9563
2507	0.9562
2508	0.9561
2509	0.9560
2510	0.9559
2511	0.9558
2512	0.9557
2513	0.9556
2514	0.9555
2515	0.9554
2516	0.9553
2517	0.9552
2518	0.9551
2519	0.9550
2520	0.9549
2521	0.9548
2522	0.9547
2523	0.9546
2524	0.9545
2525	0.9544
2526	0.9543
2527	0.9542
2528	0.9541
2529	0.9540
2530	0.9539
2531	0.9538
2532	0.9537
2533	0.9537
2534	0.9536
2535	0.9535
2536	0.9534
2537	0.9533
2538	0.9532
2539	0.9531
2540	0.9530
2541	0.9529
2542	0.9528
2543	0.9527
2544	0.9526
2545	0.9525
2546	0.9524
2547	0.9523
2548	0.9522
2549	0.9521
2550	0.9520
2551	0.9519
2552	0.9518
2553	0.9517
2554	0.9516
2555	0.9515
2556	0.9514
2557	0.9513
2558	0.9512
2559	0.9511
2560	0.9510
2561	0.9509
2562	0.9508
2563	0.9507
2564	0.9506
2565	0.9505
2566	0.9505
2567	0.9504
2568	0.9503
2569	0.9502
2570	0.9501
2571	0.9500
2572	0.9499
2573	0.9498
2574	0.9497
2575	0.9496
2576	0.9495
2577	0.9494
2578	0.9493
2579	0.9492
2580	0.9491
2581	0.9490
2582	0.9489
2583	0.9488
2584	0.9487
2585	0.9486
2586	0.9485
2587	0.9484
2588	0.9483
2589	0.9482
2590	0.9481
2591	0.9480
2592	0.9479
2593	0.9478
2594	0.9477
2595	0.9476
2596	0.9475
2597	0.9475
2598	0.9474
2599	0.9473
2600	0.9472
2601	0.9471
2602	0.9470
2603	0.9469
2604	0.9468
2605	0.9467
2606	0.9466
2607	0.9465
2608	0.9464
2609	0.9463
2610	0.9462
2611	0.9461
2612	0.9460
2613	0.9459
2614	0.9458
2615	0.9457
2616	0.9456
2617	0.9455
2618	0.9454
2619	0.9453
2620	0.9452
2621	0.9451
2622	0.9450
2623	0.9449
2624	0.9448
2625	0.9447
2626	0.9447
2627	0.9446
2628	0.9445
2629	0.9444
2630	0.9443
2631	0.9442
2632	0.9441
2633	0.9440
2634	0.9439
2635	0.9438
2636	0.9437
2637	0.9436
2638	0.9435
2639	0.9434
2640	0.9433
2641	0.9432
2642	0.9431
2643	0.9430
2644	0.9429
2645	0.9428
2646	0.9427
2647	0.9426
2648	0.9425
2649	0.9424
2650	0.9423
2651	0.9422
2652	0.9421
2653	0.9421
2654	0.9420
2655	0.9419
2656	0.9418
2657	0.9417
2658	0.9416
2659	0.9415
2660	0.9414
2661	0.9413
2662	0.9412
2663	0.9411
2664	0.9410
2665	0.9409
2666	0.9408
2667	0.9407
2668	0.9406
2669	0.9405
2670	0.9404
2671	0.9403
2672	0.9402
2673	0.9401
2674	0.9400
2675	0.9399
2676	0.9398
2677	0.9397
2678	0.9397
2679	0.9396
2680	0.9395
2681	0.9394
2682	0.9393
2683	0.9392
2684	0.9391
2685	0.9390
2686	0.9389
2687	0.9388
2688	0.9387
2689	0.9386
2690	0.9385
2691	0.9384
2692	0.9383
2693	0.9382
2694	0.9381
2695	0.9380
2696	0.9379
2697	0.9378
2698	0.9377
2699	0.9376
2700	0.9375
2701	0.9374
2702	0.9373
2703	0.9373
2704	0.9372
2705	0.9371
2706	0.9370
2707	0.9369
2708	0.9368
2709	0.9367
2710	0.9366
2711	0.9365
2712	0.9364
2713	0.9363
2714	0.9362
2715	0.9361
2716	0.9360
2717	0.9359
2718	0.9358
2719	0.9357
2720	0.9356
2721	0.9355
2722	0.9354
2723	0.9353
2724	0.9352
2725	0.9351
2726	0.9351
2727	0.9350
2728	0.9349
2729	0.9348
2730	0.9347
2731	0.9346
2732	0.9345
2733	0.9344
2734	0.9343
2735	0.9342
2736	0.9341
2737	0.9340
2738	0.9339
2739	0.9338
2740	0.9337
2741	0.9336
2742	0.9335
2743	0.9334
2744	0.9333
2745	0.9332
2746	0.9331
2747	0.9330
2748	0.9329
2749	0.9329
2750	0.9328
2751	0.9327
2752	0.9326
2753	0.9325
2754	0.9324
2755	0.9323
2756	0.9322
2757	0.9321
2758	0.9320
2759	0.9319
2760	0.9318
2761	0.9317
2762	0.9316
2763	0.9315
2764	0.9314
2765	0.9313
2766	0.9312
2767	0.9311
2768	0.9310
2769	0.9309
2770	0.9308
2771	0.9308
2772	0.9307
2773	0.9306
2774	0.9305
2775	0.9304
2776	0.9303
2777	0.9302
2778	0.9301
2779	0.9300
2780	0.9299
2781	0.9298
2782	0.9297
2783	0.9296
2784	0.9295
2785	0.9294
2786	0.9293
2787	0.9292
2788	0.9291
2789	0.9290
2790	0.9289
2791	0.9288
2792	0.9288
2793	0.9287
2794	0.9286
2795	0.9285
2796	0.9284
2797	0.9283
2798	0.9282
2799	0.9281
2800	0.9280
2801	0.9279
2802	0.9278
2803	0.9277
2804	0.9276
2805	0.9275
2806	0.9274
2807	0.9273
2808	0.9272
2809	0.9271
2810	0.9270
2811	0.9269
2812	0.9269
2813	0.9268
2814	0.9267
2815	0.9266
2816	0.9265
2817	0.9264
2818	0.9263
2819	0.9262
2820	0.9261
2821	0.9260
2822	0.9259
2823	0.9258
2824	0.9257
2825	0.9256
2826	0.9255
2827	0.9254
2828	0.9253
2829	0.9252
2830	0.9251
2831	0.9250
2832	0.9250
2833	0.9249
2834	0.9248
2835	0.9247
2836	0.9246
2837	0.9245
2838	0.9244
2839	0.9243
2840	0.9242
2841	0.9241
2842	0.9240
2843	0.9239
2844	0.9238
2845	0.9237
2846	0.9236
2847	0.9235
2848	0.9234
2849	0.9233
2850	0.9232
2851	0.9232
2852	0.9231
2853	0.9230
2854	0.9229
2855	0.9228
2856	0.9227
2857	0.9226
2858	0.9225
2859	0.9224
2860	0.9223
2861	0.9222
2862	0.9221
2863	0.9220
2864	0.9219
2865	0.9218
2866	0.9217
2867	0.9216
2868	0.9215
2869	0.9214
2870	0.9214
2871	0.9213
2872	0.9212
2873	0.9211
2874	0.9210
2875	0.9209
2876	0.9208
2877	0.9207
2878	0.9206
2879	0.9205
2880	0.9204
2881	0.9203
2882	0.9202
2883	0.9201
2884	0.9200
2885	0.9199
2886	0.9198
2887	0.9197
2888	0.9197
2889	0.9196
2890	0.9195
2891	0.9194
2892	0.9193
2893	0.9192
2894	0.9191
2895	0.9190
2896	0.9189
2897	0.9188
2898	0.9187
2899	0.9186
2900	0.9185
2901	0.9184
2902	0.9183
2903	0.9182
2904	0.9181
2905	0.9180
2906	0.9180
2907	0.9179
2908	0.9178
2909	0.9177
2910	0.9176
2911	0.9175
2912	0.9174
2913	0.9173
2914	0.9172
2915	0.9171
2916	0.9170
2917	0.9169
2918	0.9168
2919	0.9167
2920	0.9166
2921	0.9165
2922	0.9164
2923	0.9164
2924	0.9163
2925	0.9162
2926	0.9161
2927	0.9160
2928	0.9159
2929	0.9158
2930	0.9157
2931	0.9156
2932	0.9155
2933	0.9154
2934	0.9153
2935	0.9152
2936	0.9151
2937	0.9150
2938	0.9149
2939	0.9148
2940	0.9148
2941	0.9147
2942	0.9146
2943	0.9145
2944	0.9144
2945	0.9143
2946	0.9142
2947	0.9141
2948	0.9140
2949	0.9139
2950	0.9138
2951	0.9137
2952	0.9136
2953	0.9135
2954	0.9134
2955	0.9133
2956	0.9132
2957	0.9132
2958	0.9131
2959	0.9130
2960	0.9129
2961	0.9128
2962	0.9127
2963	0.9126
2964	0.9125
2965	0.9124
2966	0.9123
2967	0.9122
2968	0.9121
2969	0.9120
2970	0.9119
2971	0.9118
2972	0.9117
2973	0.9117
2974	0.9116
2975	0.9115
2976	0.9114
2977	0.9113
2978	0.9112
2979	0.9111
2980	0.9110
2981	0.9109
2982	0.9108
2983	0.9107
2984	0.9106
2985	0.9105
2986	0.9104
2987	0.9103
2988	0.9102
2989	0.9102
2990	0.9101
2991	0.9100
2992	0.9099
2993	0.9098
2994	0.9097
2995	0.9096
2996	0.9095
2997	0.9094
2998	0.9093
2999	0.9092
3000	0.9091
3001	0.9090
3002	0.9089
3003	0.9088
3004	0.9087
3005	0.9087
3006	0.9086
3007	0.9085
3008	0.9084
3009	0.9083
3010	0.9082
3011	0.9081
3012	0.9080
3013	0.9079
3014	0.9078
3015	0.9077
3016	0.9076
3017	0.9075
3018	0.9074
3019	0.9073
3020	0.9073
3021	0.9072
3022	0.9071
3023	0.9070
3024	0.9069
3025	0.9068
3026	0.9067
3027	0.9066
3028	0.9065
3029	0.9064
3030	0.9063
3031	0.9062
3032	0.9061
3033	0.9060
3034	0.9059
3035	0.9059
3036	0.9058
3037	0.9057
3038	0.9056
3039	0.9055
3040	0.9054
3041	0.9053
3042	0.9052
3043	0.9051
3044	0.9050
3045	0.9049
3046	0.9048
3047	0.9047
3048	0.9046
3049	0.9045
3050	0.9045
3051	0.9044
3052	0.9043
3053	0.9042
3054	0.9041
3055	0.9040
3056	0.9039
3057	0.9038
3058	0.9037
3059	0.9036
3060	0.9035
3061	0.9034
3062	0.9033
3063	0.9032
3064	0.9031
3065	0.9031
3066	0.9030
3067	0.9029
3068	0.9028
3069	0.9027
3070	0.9026
3071	0.9025
3072	0.9024
3073	0.9023
3074	0.9022
3075	0.9021
3076	0.9020
3077	0.9019
3078	0.9018
3079	0.9018
3080	0.9017
3081	0.9016
3082	0.9015
3083	0.9014
3084	0.9013
3085	0.9012
3086	0.9011
3087	0.9010
3088	0.9009
3089	0.9008
3090	0.9007
3091	0.9006
3092	0.9005
3093	0.9004
3094	0.9004
3095	0.9003
3096	0.9002
3097	0.9001
3098	0.9000
3099	0.8999
3100	0.8998
3101	0.8997
3102	0.8996
3103	0.8995
3104	0.8994
3105	0.8993
3106	0.8992
3107	0.8991
3108	0.8991
3109	0.8990
3110	0.8989
3111	0.8988
3112	0.8987
3113	0.8986
3114	0.8985
3115	0.8984
3116	0.8983
3117	0.8982
3118	0.8981
3119	0.8980
3120	0.8979
3121	0.8978
3122	0.8978
3123	0.8977
3124	0.8976
3125	0.8975
3126	0.8974
3127	0.8973
3128	0.8972
3129	0.8971
3130	0.8970
3131	0.8969
3132	0.8968
3133	0.8967
3134	0.8966
3135	0.8966
3136	0.8965
3137	0.8964
3138	0.8963
3139	0.8962
3140	0.8961
3141	0.8960
3142	0.8959
3143	0.8958
3144	0.8957
3145	0.8956
3146	0.8955
3147	0.8954
3148	0.8953
3149	0.8953
3150	0.8952
3151	0.8951
3152	0.8950
3153	0.8949
3154	0.8948
3155	0.8947
3156	0.8946
3157	0.8945
3158	0.8944
3159	0.8943
3160	0.8942
3161	0.8941
3162	0.8941
3163	0.8940
3164	0.8939
3165	0.8938
3166	0.8937
3167	0.8936
3168	0.8935
3169	0.8934
3170	0.8933
3171	0.8932
3172	0.8931
3173	0.8930
3174	0.8929
3175	0.8929
3176	0.8928
3177	0.8927
3178	0.8926
3179	0.8925
3180	0.8924
3181	0.8923
3182	0.8922
3183	0.8921
3184	0.8920
3185	0.8919
3186	0.8918
3187	0.8917
3188	0.8917
3189	0.8916
3190	0.8915
3191	0.8914
3192	0.8913
3193	0.8912
3194	0.8911
3195	0.8910
3196	0.8909
3197	0.8908
3198	0.8907
3199	0.8906
3200	0.8905
3201	0.8905
3202	0.8904
3203	0.8903
3204	0.8902
3205	0.8901
3206	0.8900
3207	0.8899
3208	0.8898
3209	0.8897
3210	0.8896
3211	0.8895
3212	0.8894
3213	0.8893
3214	0.8893
3215	0.8892
3216	0.8891
3217	0.8890
3218	0.8889
3219	0.8888
3220	0.8887
3221	0.8886
3222	0.8885
3223	0.8884
3224	0.8883
3225	0.8882
3226	0.8882
3227	0.8881
3228	0.8880
3229	0.8879
3230	0.8878
3231	0.8877
3232	0.8876
3233	0.8875
3234	0.8874
3235	0.8873
3236	0.8872
3237	0.8871
3238	0.8871
3239	0.8870
3240	0.8869
3241	0.8868
3242	0.8867
3243	0.8866
3244	0.8865
3245	0.8864
3246	0.8863
3247	0.8862
3248	0.8861
3249	0.8860
3250	0.8859
3251	0.8859
3252	0.8858
3253	0.8857
3254	0.8856
3255	0.8855
3256	0.8854
3257	0.8853
3258	0.8852
3259	0.8851
3260	0.8850
3261	0.8849
3262	0.8848
3263	0.8848
3264	0.8847
3265	0.8846
3266	0.8845
3267	0.8844
3268	0.8843
3269	0.8842
3270	0.8841
3271	0.8840
3272	0.8839
3273	0.8838
3274	0.8837
3275	0.8837
3276	0.8836
3277	0.8835
3278	0.8834
3279	0.8833
3280	0.8832
3281	0.8831
3282	0.8830
3283	0.8829
3284	0.8828
3285	0.8827
3286	0.8826
3287	0.8826
3288	0.8825
3289	0.8824
3290	0.8823
3291	0.8822
3292	0.8821
3293	0.8820
3294	0.8819
3295	0.8818
3296	0.8817
3297	0.8816
3298	0.8816
3299	0.8815
3300	0.8814
3301	0.8813
3302	0.8812
3303	0.8811
3304	0.8810
3305	0.8809
3306	0.8808
3307	0.8807
3308	0.8806
3309	0.8805
3310	0.8805
3311	0.8804
3312	0.8803
3313	0.8802
3314	0.8801
3315	0.8800
3316	0.8799
3317	0.8798
3318	0.8797
3319	0.8796
3320	0.8795
3321	0.8795
3322	0.8794
3323	0.8793
3324	0.8792
3325	0.8791
3326	0.8790
3327	0.8789
3328	0.8788
3329	0.8787
3330	0.8786
3331	0.8785
3332	0.8784
3333	0.8784
3334	0.8783
3335	0.8782
3336	0.8781
3337	0.8780
3338	0.8779
3339	0.8778
3340	0.8777
3341	0.8776
3342	0.8775
3343	0.8774
3344	0.8774
3345	0.8773
3346	0.8772
3347	0.8771
3348	0.8770
3349	0.8769
3350	0.8768
3351	0.8767
3352	0.8766
3353	0.8765
3354	0.8764
3355	0.8764
3356	0.8763
3357	0.8762
3358	0.8761
3359	0.8760
3360	0.8759
3361	0.8758
3362	0.8757
3363	0.8756
3364	0.8755
3365	0.8754
3366	0.8754
3367	0.8753
3368	0.8752
3369	0.8751
3370	0.8750
3371	0.8749
3372	0.8748
3373	0.8747
3374	0.8746
3375	0.8745
3376	0.8744
3377	0.8744
3378	0.8743
3379	0.8742
3380	0.8741
3381	0.8740
3382	0.8739
3383	0.8738
3384	0.8737
3385	0.8736
3386	0.8735
3387	0.8734
3388	0.8734
3389	0.8733
3390	0.8732
3391	0.8731
3392	0.8730
3393	0.8729
3394	0.8728
3395	0.8727
3396	0.8726
3397	0.8725
3398	0.8724
3399	0.8724
3400	0.8723
3401	0.8722
3402	0.8721
3403	0.8720
3404	0.8719
3405	0.8718
3406	0.8717
3407	0.8716
3408	0.8715
3409	0.8714
3410	0.8714
3411	0.8713
3412	0.8712
3413	0.8711
3414	0.8710
3415	0.8709
3416	0.8708
3417	0.8707
3418	0.8706
3419	0.8705
3420	0.8705
3421	0.8704
3422	0.8703
3423	0.8702
3424	0.8701
3425	0.8700
3426	0.8699
3427	0.8698
3428	0.8697
3429	0.8696
3430	0.8695
3431	0.8695
3432	0.8694
3433	0.8693
3434	0.8692
3435	0.8691
3436	0.8690
3437	0.8689
3438	0.8688
3439	0.8687
3440	0.8686
3441	0.8686
3442	0.8685
3443	0.8684
3444	0.8683
3445	0.8682
3446	0.8681
3447	0.8680
3448	0.8679
3449	0.8678
3450	0.8677
3451	0.8676
3452	0.8676
3453	0.8675
3454	0.8674
3455	0.8673
3456	0.8672
3457	0.8671
3458	0.8670
3459	0.8669
3460	0.8668
3461	0.8667
3462	0.8667
3463	0.8666
3464	0.8665
3465	0.8664
3466	0.8663
3467	0.8662
3468	0.8661
3469	0.8660
3470	0.8659
3471	0.8658
3472	0.8658
3473	0.8657
3474	0.8656
3475	0.8655
3476	0.8654
3477	0.8653
3478	0.8652
3479	0.8651
3480	0.8650
3481	0.8649
3482	0.8649
3483	0.8648
3484	0.8647
3485	0.8646
3486	0.8645
3487	0.8644
3488	0.8643
3489	0.8642
3490	0.8641
3491	0.8640
3492	0.8639
3493	0.8639
3494	0.8638
3495	0.8637
3496	0.8636
3497	0.8635
3498	0.8634
3499	0.8633
3500	0.8632
3501	0.8631
3502	0.8630
3503	0.8630
3504	0.8629
3505	0.8628
3506	0.8627
3507	0.8626
3508	0.8625
3509	0.8624
3510	0.8623
3511	0.8622
3512	0.8622
3513	0.8621
3514	0.8620
3515	0.8619
3516	0.8618
3517	0.8617
3518	0.8616
3519	0.8615
3520	0.8614
3521	0.8613
3522	0.8613
3523	0.8612
3524	0.8611
3525	0.8610
3526	0.8609
3527	0.8608
3528	0.8607
3529	0.8606
3530	0.8605
3531	0.8604
3532	0.8604
3533	0.8603
3534	0.8602
3535	0.8601
3536	0.8600
3537	0.8599
3538	0.8598
3539	0.8597
3540	0.8596
3541	0.8595
3542	0.8595
3543	0.8594
3544	0.8593
3545	0.8592
3546	0.8591
3547	0.8590
3548	0.8589
3549	0.8588
3550	0.8587
3551	0.8586
3552	0.8586
3553	0.8585
3554	0.8584
3555	0.8583
3556	0.8582
3557	0.8581
3558	0.8580
3559	0.8579
3560	0.8578
3561	0.8578
3562	0.8577
3563	0.8576
3564	0.8575
3565	0.8574
3566	0.8573
3567	0.8572
3568	0.8571
3569	0.8570
3570	0.8569
3571	0.8569
3572	0.8568
3573	0.8567
3574	0.8566
3575	0.8565
3576	0.8564
3577	0.8563
3578	0.8562
3579	0.8561
3580	0.8561
3581	0.8560
3582	0.8559
3583	0.8558
3584	0.8557
3585	0.8556
3586	0.8555
3587	0.8554
3588	0.8553
3589	0.8552
3590	0.8552
3591	0.8551
3592	0.8550
3593	0.8549
3594	0.8548
3595	0.8547
3596	0.8546
3597	0.8545
3598	0.8544
3599	0.8544
3600	0.8543
3601	0.8542
3602	0.8541
3603	0.8540
3604	0.8539
3605	0.8538
3606	0.8537
3607	0.8536
3608	0.8536
3609	0.8535
3610	0.8534
3611	0.8533
3612	0.8532
3613	0.8531
3614	0.8530
3615	0.8529
3616	0.8528
3617	0.8528
3618	0.8527
3619	0.8526
3620	0.8525
3621	0.8524
3622	0.8523
3623	0.8522
3624	0.8521
3625	0.8520
3626	0.8519
3627	0.8519
3628	0.8518
3629	0.8517
3630	0.8516
3631	0.8515
3632	0.8514
3633	0.8513
3634	0.8512
3635	0.8511
3636	0.8511
3637	0.8510
3638	0.8509
3639	0.8508
3640	0.8507
3641	0.8506
3642	0.8505
3643	0.8504
3644	0.8503
3645	0.8503
3646	0.8502
3647	0.8501
3648	0.8500
3649	0.8499
3650	0.8498
3651	0.8497
3652	0.8496
3653	0.8495
3654	0.8495
3655	0.8494
3656	0.8493
3657	0.8492
3658	0.8491
3659	0.8490
3660	0.8489
3661	0.8488
3662	0.8487
3663	0.8487
3664	0.8486
3665	0.8485
3666	0.8484
3667	0.8483
3668	0.8482
3669	0.8481
3670	0.8480
3671	0.8479
3672	0.8479
3673	0.8478
3674	0.8477
3675	0.8476
3676	0.8475
3677	0.8474
3678	0.8473
3679	0.8472
3680	0.8471
3681	0.8471
3682	0.8470
3683	0.8469
3684	0.8468
3685	0.8467
3686	0.8466
3687	0.8465
3688	0.8464
3689	0.8464
3690	0.8463
3691	0.8462
3692	0.8461
3693	0.8460
3694	0.8459
3695	0.8458
3696	0.8457
3697	0.8456
3698	0.8456
3699	0.8455
3700	0.8454
3701	0.8453
3702	0.8452
3703	0.8451
3704	0.8450
3705	0.8449
3706	0.8448
3707	0.8448
3708	0.8447
3709	0.8446
3710	0.8445
3711	0.8444
3712	0.8443
3713	0.8442
3714	0.8441
3715	0.8440
3716	0.8440
3717	0.8439
3718	0.8438
3719	0.8437
3720	0.8436
3721	0.8435
3722	0.8434
3723	0.8433
3724	0.8433
3725	0.8432
3726	0.8431
3727	0.8430
3728	0.8429
3729	0.8428
3730	0.8427
3731	0.8426
3732	0.8425
3733	0.8425
3734	0.8424
3735	0.8423
3736	0.8422
3737	0.8421
3738	0.8420
3739	0.8419
3740	0.8418
3741	0.8418
3742	0.8417
3743	0.8416
3744	0.8415
3745	0.8414
3746	0.8413
3747	0.8412
3748	0.8411
3749	0.8410
3750	0.8410
3751	0.8409
3752	0.8408
3753	0.8407
3754	0.8406
3755	0.8405
3756	0.8404
3757	0.8403
3758	0.8403
3759	0.8402
3760	0.8401
3761	0.8400
3762	0.8399
3763	0.8398
3764	0.8397
3765	0.8396
3766	0.8395
3767	0.8395
3768	0.8394
3769	0.8393
3770	0.8392
3771	0.8391
3772	0.8390
3773	0.8389
3774	0.8388
3775	0.8388
3776	0.8387
3777	0.8386
3778	0.8385
3779	0.8384
3780	0.8383
3781	0.8382
3782	0.8381
3783	0.8381
3784	0.8380
3785	0.8379
3786	0.8378
3787	0.8377
3788	0.8376
3789	0.8375
3790	0.8374
3791	0.8373
3792	0.8373
3793	0.8372
3794	0.8371
3795	0.8370
3796	0.8369
3797	0.8368
3798	0.8367
3799	0.8366
3800	0.8366
3801	0.8365
3802	0.8364
3803	0.8363
3804	0.8362
3805	0.8361
3806	0.8360
3807	0.8359
3808	0.8359
3809	0.8358
3810	0.8357
3811	0.8356
3812	0.8355
3813	0.8354
3814	0.8353
3815	0.8352
3816	0.8352
3817	0.8351
3818	0.8350
3819	0.8349
3820	0.8348
3821	0.8347
3822	0.8346
3823	0.8345
3824	0.8345
3825	0.8344
3826	0.8343
3827	0.8342
3828	0.8341
3829	0.8340
3830	0.8339
3831	0.8338
3832	0.8338
3833	0.8337
3834	0.8336
3835	0.8335
3836	0.8334
3837	0.8333
3838	0.8332
3839	0.8331
3840	0.8330
3841	0.8330
3842	0.8329
3843	0.8328
3844	0.8327
3845	0.8326
3846	0.8325
3847	0.8324
3848	0.8323
3849	0.8323
3850	0.8322
3851	0.8321
3852	0.8320
3853	0.8319
3854	0.8318
3855	0.8317
3856	0.8316
3857	0.8316
3858	0.8315
3859	0.8314
3860	0.8313
3861	0.8312
3862	0.8311
3863	0.8310
3864	0.8310
3865	0.8309
3866	0.8308
3867	0.8307
3868	0.8306
3869	0.8305
3870	0.8304
3871	0.8303
3872	0.8303
3873	0.8302
3874	0.8301
3875	0.8300
3876	0.8299
3877	0.8298
3878	0.8297
3879	0.8296
3880	0.8296
3881	0.8295
3882	0.8294
3883	0.8293
3884	0.8292
3885	0.8291
3886	0.8290
3887	0.8289
3888	0.8289
3889	0.8288
3890	0.8287
3891	0.8286
3892	0.8285
3893	0.8284
3894	0.8283
3895	0.8282
3896	0.8282
3897	0.8281
3898	0.8280
3899	0.8279
3900	0.8278
3901	0.8277
3902	0.8276
3903	0.8275
3904	0.8275
3905	0.8274
3906	0.8273
3907	0.8272
3908	0.8271
3909	0.8270
3910	0.8269
3911	0.8269
3912	0.8268
3913	0.8267
3914	0.8266
3915	0.8265
3916	0.8264
3917	0.8263
3918	0.8262
3919	0.8262
3920	0.8261
3921	0.8260
3922	0.8259
3923	0.8258
3924	0.8257
3925	0.8256
3926	0.8255
3927	0.8255
3928	0.8254
3929	0.8253
3930	0.8252
3931	0.8251
3932	0.8250
3933	0.8249
3934	0.8249
3935	0.8248
3936	0.8247
3937	0.8246
3938	0.8245
3939	0.8244
3940	0.8243
3941	0.8242
3942	0.8242
3943	0.8241
3944	0.8240
3945	0.8239
3946	0.8238
3947	0.8237
3948	0.8236
3949	0.8235
3950	0.8235
3951	0.8234
3952	0.8233
3953	0.8232
3954	0.8231
3955	0.8230
3956	0.8229
3957	0.8229
3958	0.8228
3959	0.8227
3960	0.8226
3961	0.8225
3962	0.8224
3963	0.8223
3964	0.8222
3965	0.8222
3966	0.8221
3967	0.8220
3968	0.8219
3969	0.8218
3970	0.8217
3971	0.8216
3972	0.8216
3973	0.8215
3974	0.8214
3975	0.8213
3976	0.8212
3977	0.8211
3978	0.8210
3979	0.8209
3980	0.8209
3981	0.8208
3982	0.8207
3983	0.8206
3984	0.8205
3985	0.8204
3986	0.8203
3987	0.8203
3988	0.8202
3989	0.8201
3990	0.8200
3991	0.8199
3992	0.8198
3993	0.8197
3994	0.8196
3995	0.8196
3996	0.8195
3997	0.8194
3998	0.8193
3999	0.8192
4000	0.8191
4001	0.8190
4002	0.8190
4003	0.8189
4004	0.8188
4005	0.8187
4006	0.8186
4007	0.8185
4008	0.8184
4009	0.8184
4010	0.8183
4011	0.8182
4012	0.8181
4013	0.8180
4014	0.8179
4015	0.8178
4016	0.8177
4017	0.8177
4018	0.8176
4019	0.8175
4020	0.8174
4021	0.8173
4022	0.8172
4023	0.8171
4024	0.8171
4025	0.8170
4026	0.8169
4027	0.8168
4028	0.8167
4029	0.8166
4030	0.8165
4031	0.8165
4032	0.8164
4033	0.8163
4034	0.8162
4035	0.8161
4036	0.8160
4037	0.8159
4038	0.8159
4039	0.8158
4040	0.8157
4041	0.8156
4042	0.8155
4043	0.8154
4044	0.8153
4045	0.8152
4046	0.8152
4047	0.8151
4048	0.8150
4049	0.8149
4050	0.8148
4051	0.8147
4052	0.8146
4053	0.8146
4054	0.8145
4055	0.8144
4056	0.8143
4057	0.8142
4058	0.8141
4059	0.8140
4060	0.8140
4061	0.8139
4062	0.8138
4063	0.8137
4064	0.8136
4065	0.8135
4066	0.8134
4067	0.8134
4068	0.8133
4069	0.8132
4070	0.8131
4071	0.8130
4072	0.8129
4073	0.8128
4074	0.8128
4075	0.8127
4076	0.8126
4077	0.8125
4078	0.8124
4079	0.8123
4080	0.8122
4081	0.8122
4082	0.8121
4083	0.8120
4084	0.8119
4085	0.8118
4086	0.8117
4087	0.8116
4088	0.8116
4089	0.8115
4090	0.8114
4091	0.8113
4092	0.8112
4093	0.8111
4094	0.8110
4095	0.8109
4096	0.8109
4097	0.8108
4098	0.8107
4099	0.8106
4100	0.8105
4101	0.8104
4102	0.8103
4103	0.8103
4104	0.8102
4105	0.8101
4106	0.8100
4107	0.8099
4108	0.8098
4109	0.8097
4110	0.8097
4111	0.8096
4112	0.8095
4113	0.8094
4114	0.8093
4115	0.8092
4116	0.8091
4117	0.8091
4118	0.8090
4119	0.8089
4120	0.8088
4121	0.8087
4122	0.8086
4123	0.8086
4124	0.8085
4125	0.8084
4126	0.8083
4127	0.8082
4128	0.8081
4129	0.8080
4130	0.8080
4131	0.8079
4132	0.8078
4133	0.8077
4134	0.8076
4135	0.8075
4136	0.8074
4137	0.8074
4138	0.8073
4139	0.8072
4140	0.8071
4141	0.8070
4142	0.8069
4143	0.8068
4144	0.8068
4145	0.8067
4146	0.8066
4147	0.8065
4148	0.8064
4149	0.8063
4150	0.8062
4151	0.8062
4152	0.8061
4153	0.8060
4154	0.8059
4155	0.8058
4156	0.8057
4157	0.8056
4158	0.8056
4159	0.8055
4160	0.8054
4161	0.8053
4162	0.8052
4163	0.8051
4164	0.8050
4165	0.8050
4166	0.8049
4167	0.8048
4168	0.8047
4169	0.8046
4170	0.8045
4171	0.8045
4172	0.8044
4173	0.8043
4174	0.8042
4175	0.8041
4176	0.8040
4177	0.8039
4178	0.8039
4179	0.8038
4180	0.8037
4181	0.8036
4182	0.8035
4183	0.8034
4184	0.8033
4185	0.8033
4186	0.8032
4187	0.8031
4188	0.8030
4189	0.8029
4190	0.8028
4191	0.8027
4192	0.8027
4193	0.8026
4194	0.8025
4195	0.8024
4196	0.8023
4197	0.8022
4198	0.8022
4199	0.8021
4200	0.8020
4201	0.8019
4202	0.8018
4203	0.8017
4204	0.8016
4205	0.8016
4206	0.8015
4207	0.8014
4208	0.8013
4209	0.8012
4210	0.8011
4211	0.8010
4212	0.8010
4213	0.8009
4214	0.8008
4215	0.8007
4216	0.8006
4217	0.8005
4218	0.8005
4219	0.8004
4220	0.8003
4221	0.8002
4222	0.8001
4223	0.8000
4224	0.7999
4225	0.7999
4226	0.7998
4227	0.7997
4228	0.7996
4229	0.7995
4230	0.7994
4231	0.7993
4232	0.7993
4233	0.7992
4234	0.7991
4235	0.7990
4236	0.7989
4237	0.7988
4238	0.7988
4239	0.7987
4240	0.7986
4241	0.7985
4242	0.7984
4243	0.7983
4244	0.7982
4245	0.7982
4246	0.7981
4247	0.7980
4248	0.7979
4249	0.7978
4250	0.7977
4251	0.7977
4252	0.7976
4253	0.7975
4254	0.7974
4255	0.7973
4256	0.7972
4257	0.7971
4258	0.7971
4259	0.7970
4260	0.7969
4261	0.7968
4262	0.7967
4263	0.7966
4264	0.7966
4265	0.7965
4266	0.7964
4267	0.7963
4268	0.7962
4269	0.7961
4270	0.7960
4271	0.7960
4272	0.7959
4273	0.7958
4274	0.7957
4275	0.7956
4276	0.7955
4277	0.7955
4278	0.7954
4279	0.7953
4280	0.7952
4281	0.7951
4282	0.7950
4283	0.7949
4284	0.7949
4285	0.7948
4286	0.7947
4287	0.7946
4288	0.7945
4289	0.7944
4290	0.7944
4291	0.7943
4292	0.7942
4293	0.7941
4294	0.7940
4295	0.7939
4296	0.7938
4297	0.7938
4298	0.7937
4299	0.7936
4300	0.7935
4301	0.7934
4302	0.7933
4303	0.7933
4304	0.7932
4305	0.7931
4306	0.7930
4307	0.7929
4308	0.7928
4309	0.7928
4310	0.7927
4311	0.7926
4312	0.7925
4313	0.7924
4314	0.7923
4315	0.7922
4316	0.7922
4317	0.7921
4318	0.7920
4319	0.7919
4320	0.7918
4321	0.7917
4322	0.7917
4323	0.7916
4324	0.7915
4325	0.7914
4326	0.7913
4327	0.7912
4328	0.7912
4329	0.7911
4330	0.7910
4331	0.7909
4332	0.7908
4333	0.7907
4334	0.7906
4335	0.7906
4336	0.7905
4337	0.7904
4338	0.7903
4339	0.7902
4340	0.7901
4341	0.7901
4342	0.7900
4343	0.7899
4344	0.7898
4345	0.7897
4346	0.7896
4347	0.7896
4348	0.7895
4349	0.7894
4350	0.7893
4351	0.7892
4352	0.7891
4353	0.7890
4354	0.7890
4355	0.7889
4356	0.7888
4357	0.7887
4358	0.7886
4359	0.7885
4360	0.7885
4361	0.7884
4362	0.7883
4363	0.7882
4364	0.7881
4365	0.7880
4366	0.7880
4367	0.7879
4368	0.7878
4369	0.7877
4370	0.7876
4371	0.7875
4372	0.7875
4373	0.7874
4374	0.7873
4375	0.7872
4376	0.7871
4377	0.7870
4378	0.7870
4379	0.7869
4380	0.7868
4381	0.7867
4382	0.7866
4383	0.7865
4384	0.7864
4385	0.7864
4386	0.7863
4387	0.7862
4388	0.7861
4389	0.7860
4390	0.7859
4391	0.7859
4392	0.7858
4393	0.7857
4394	0.7856
4395	0.7855
4396	0.7854
4397	0.7854
4398	0.7853
4399	0.7852
4400	0.7851
4401	0.7850
4402	0.7849
4403	0.7849
4404	0.7848
4405	0.7847
4406	0.7846
4407	0.7845
4408	0.7844
4409	0.7844
4410	0.7843
4411	0.7842
4412	0.7841
4413	0.7840
4414	0.7839
4415	0.7839
4416	0.7838
4417	0.7837
4418	0.7836
4419	0.7835
4420	0.7834
4421	0.7834
4422	0.7833
4423	0.7832
4424	0.7831
4425	0.7830
4426	0.7829
4427	0.7829
4428	0.7828
4429	0.7827
4430	0.7826
4431	0.7825
4432	0.7824
4433	0.7824
4434	0.7823
4435	0.7822
4436	0.7821
4437	0.7820
4438	0.7819
4439	0.7819
4440	0.7818
4441	0.7817
4442	0.7816
4443	0.7815
4444	0.7814
4445	0.7814
4446	0.7813
4447	0.7812
4448	0.7811
4449	0.7810
4450	0.7809
4451	0.7809
4452	0.7808
4453	0.7807
4454	0.7806
4455	0.7805
4456	0.7804
4457	0.7804
4458	0.7803
4459	0.7802
4460	0.7801
4461	0.7800
4462	0.7799
4463	0.7799
4464	0.7798
4465	0.7797
4466	0.7796
4467	0.7795
4468	0.7794
4469	0.7794
4470	0.7793
4471	0.7792
4472	0.7791
4473	0.7790
4474	0.7789
4475	0.7789
4476	0.7788
4477	0.7787
4478	0.7786
4479	0.7785
4480	0.7784
4481	0.7784
4482	0.7783
4483	0.7782
4484	0.7781
4485	0.7780
4486	0.7779
4487	0.7779
4488	0.7778
4489	0.7777
4490	0.7776
4491	0.7775
4492	0.7774
4493	0.7774
4494	0.7773
4495	0.7772
4496	0.7771
4497	0.7770
4498	0.7769
4499	0.7769
4500	0.7768
4501	0.7767
4502	0.7766
4503	0.7765
4504	0.7764
4505	0.7764
4506	0.7763
4507	0.7762
4508	0.7761
4509	0.7760
4510	0.7759
4511	0.7759
4512	0.7758
4513	0.7757
4514	0.7756
4515	0.7755
4516	0.7754
4517	0.7754
4518	0.7753
4519	0.7752
4520	0.7751
4521	0.7750
4522	0.7750
4523	0.7749
4524	0.7748
4525	0.7747
4526	0.7746
4527	0.7745
4528	0.7745
4529	0.7744
4530	0.7743
4531	0.7742
4532	0.7741
4533	0.7740
4534	0.7740
4535	0.7739
4536	0.7738
4537	0.7737
4538	0.7736
4539	0.7735
4540	0.7735
4541	0.7734
4542	0.7733
4543	0.7732
4544	0.7731
4545	0.7730
4546	0.7730
4547	0.7729
4548	0.7728
4549	0.7727
4550	0.7726
4551	0.7726
4552	0.7725
4553	0.7724
4554	0.7723
4555	0.7722
4556	0.7721
4557	0.7721
4558	0.7720
4559	0.7719
4560	0.7718
4561	0.7717
4562	0.7716
4563	0.7716
4564	0.7715
4565	0.7714
4566	0.7713
4567	0.7712
4568	0.7711
4569	0.7711
4570	0.7710
4571	0.7709
4572	0.7708
4573	0.7707
4574	0.7707
4575	0.7706
4576	0.7705
4577	0.7704
4578	0.7703
4579	0.7702
4580	0.7702
4581	0.7701
4582	0.7700
4583	0.7699
4584	0.7698
4585	0.7697
4586	0.7697
4587	0.7696
4588	0.7695
4589	0.7694
4590	0.7693
4591	0.7693
4592	0.7692
4593	0.7691
4594	0.7690
4595	0.7689
4596	0.7688
4597	0.7688
4598	0.7687
4599	0.7686
4600	0.7685
4601	0.7684
4602	0.7683
4603	0.7683
4604	0.7682
4605	0.7681
4606	0.7680
4607	0.7679
4608	0.7679
4609	0.7678
4610	0.7677
4611	0.7676
4612	0.7675
4613	0.7674
4614	0.7674
4615	0.7673
4616	0.7672
4617	0.7671
4618	0.7670
4619	0.7669
4620	0.7669
4621	0.7668
4622	0.7667
4623	0.7666
4624	0.7665
4625	0.7665
4626	0.7664
4627	0.7663
4628	0.7662
4629	0.7661
4630	0.7660
4631	0.7660
4632	0.7659
4633	0.7658
4634	0.7657
4635	0.7656
4636	0.7655
4637	0.7655
4638	0.7654
4639	0.7653
4640	0.7652
4641	0.7651
4642	0.7651
4643	0.7650
4644	0.7649
4645	0.7648
4646	0.7647
4647	0.7646
4648	0.7646
4649	0.7645
4650	0.7644
4651	0.7643
4652	0.7642
4653	0.7642
4654	0.7641
4655	0.7640
4656	0.7639
4657	0.7638
4658	0.7637
4659	0.7637
4660	0.7636
4661	0.7635
4662	0.7634
4663	0.7633
4664	0.7633
4665	0.7632
4666	0.7631
4667	0.7630
4668	0.7629
4669	0.7628
4670	0.7628
4671	0.7627
4672	0.7626
4673	0.7625
4674	0.7624
4675	0.7624
4676	0.7623
4677	0.7622
4678	0.7621
4679	0.7620
4680	0.7619
4681	0.7619
4682	0.7618
4683	0.7617
4684	0.7616
4685	0.7615
4686	0.7615
4687	0.7614
4688	0.7613
4689	0.7612
4690	0.7611
4691	0.7610
4692	0.7610
4693	0.7609
4694	0.7608
4695	0.7607
4696	0.7606
4697	0.7606
4698	0.7605
4699	0.7604
4700	0.7603
4701	0.7602
4702	0.7601
4703	0.7601
4704	0.7600
4705	0.7599
4706	0.7598
4707	0.7597
4708	0.7597
4709	0.7596
4710	0.7595
4711	0.7594
4712	0.7593
4713	0.7592
4714	0.7592
4715	0.7591
4716	0.7590
4717	0.7589
4718	0.7588
4719	0.7588
4720	0.7587
4721	0.7586
4722	0.7585
4723	0.7584
4724	0.7584
4725	0.7583
4726	0.7582
4727	0.7581
4728	0.7580
4729	0.7579
4730	0.7579
4731	0.7578
4732	0.7577
4733	0.7576
4734	0.7575
4735	0.7575
4736	0.7574
4737	0.7573
4738	0.7572
4739	0.7571
4740	0.7571
4741	0.7570
4742	0.7569
4743	0.7568
4744	0.7567
4745	0.7566
4746	0.7566
4747	0.7565
4748	0.7564
4749	0.7563
4750	0.7562
4751	0.7562
4752	0.7561
4753	0.7560
4754	0.7559
4755	0.7558
4756	0.7557
4757	0.7557
4758	0.7556
4759	0.7555
4760	0.7554
4761	0.7553
4762	0.7553
4763	0.7552
4764	0.7551
4765	0.7550
4766	0.7549
4767	0.7549
4768	0.7548
4769	0.7547
4770	0.7546
4771	0.7545
4772	0.7544
4773	0.7544
4774	0.7543
4775	0.7542
4776	0.7541
4777	0.7540
4778	0.7540
4779	0.7539
4780	0.7538
4781	0.7537
4782	0.7536
4783	0.7536
4784	0.7535
4785	0.7534
4786	0.7533
4787	0.7532
4788	0.7532
4789	0.7531
4790	0.7530
4791	0.7529
4792	0.7528
4793	0.7527
4794	0.7527
4795	0.7526
4796	0.7525
4797	0.7524
4798	0.7523
4799	0.7523
4800	0.7522
4801	0.7521
4802	0.7520
4803	0.7519
4804	0.7519
4805	0.7518
4806	0.7517
4807	0.7516
4808	0.7515
4809	0.7515
4810	0.7514
4811	0.7513
4812	0.7512
4813	0.7511
4814	0.7510
4815	0.7510
4816	0.7509
4817	0.7508
4818	0.7507
4819	0.7506
4820	0.7506
4821	0.7505
4822	0.7504
4823	0.7503
4824	0.7502
4825	0.7502
4826	0.7501
4827	0.7500
4828	0.7499
4829	0.7498
4830	0.7498
4831	0.7497
4832	0.7496
4833	0.7495
4834	0.7494
4835	0.7493
4836	0.7493
4837	0.7492
4838	0.7491
4839	0.7490
4840	0.7489
4841	0.7489
4842	0.7488
4843	0.7487
4844	0.7486
4845	0.7485
4846	0.7485
4847	0.7484
4848	0.7483
4849	0.7482
4850	0.7481
4851	0.7481
4852	0.7480
4853	0.7479
4854	0.7478
4855	0.7477
4856	0.7477
4857	0.7476
4858	0.7475
4859	0.7474
4860	0.7473
4861	0.7473
4862	0.7472
4863	0.7471
4864	0.7470
4865	0.7469
4866	0.7468
4867	0.7468
4868	0.7467
4869	0.7466
4870	0.7465
4871	0.7464
4872	0.7464
4873	0.7463
4874	0.7462
4875	0.7461
4876	0.7460
4877	0.7460
4878	0.7459
4879	0.7458
4880	0.7457
4881	0.7456
4882	0.7456
4883	0.7455
4884	0.7454
4885	0.7453
4886	0.7452
4887	0.7452
4888	0.7451
4889	0.7450
4890	0.7449
4891	0.7448
4892	0.7448
4893	0.7447
4894	0.7446
4895	0.7445
4896	0.7444
4897	0.7444
4898	0.7443
4899	0.7442
4900	0.7441
4901	0.7440
4902	0.7440
4903	0.7439
4904	0.7438
4905	0.7437
4906	0.7436
4907	0.7436
4908	0.7435
4909	0.7434
4910	0.7433
4911	0.7432
4912	0.7432
4913	0.7431
4914	0.7430
4915	0.7429
4916	0.7428
4917	0.7428
4918	0.7427
4919	0.7426
4920	0.7425
4921	0.7424
4922	0.7423
4923	0.7423
4924	0.7422
4925	0.7421
4926	0.7420
4927	0.7419
4928	0.7419
4929	0.7418
4930	0.7417
4931	0.7416
4932	0.7415
4933	0.7415
4934	0.7414
4935	0.7413
4936	0.7412
4937	0.7411
4938	0.7411
4939	0.7410
4940	0.7409
4941	0.7408
4942	0.7407
4943	0.7407
4944	0.7406
4945	0.7405
4946	0.7404
4947	0.7403
4948	0.7403
4949	0.7402
4950	0.7401
4951	0.7400
4952	0.7399
4953	0.7399
4954	0.7398
4955	0.7397
4956	0.7396
4957	0.7395
4958	0.7395
4959	0.7394
4960	0.7393
4961	0.7392
4962	0.7391
4963	0.7391
4964	0.7390
4965	0.7389
4966	0.7388
4967	0.7387
4968	0.7387
4969	0.7386
4970	0.7385
4971	0.7384
4972	0.7383
4973	0.7383
4974	0.7382
4975	0.7381
4976	0.7380
4977	0.7380
4978	0.7379
4979	0.7378
4980	0.7377
4981	0.7376
4982	0.7376
4983	0.7375
4984	0.7374
4985	0.7373
4986	0.7372
4987	0.7372
4988	0.7371
4989	0.7370
4990	0.7369
4991	0.7368
4992	0.7368
4993	0.7367
4994	0.7366
4995	0.7365
4996	0.7364
4997	0.7364
4998	0.7363
4999	0.7362
5000	0.7361
5001	0.7360
5002	0.7360
5003	0.7359
5004	0.7358
5005	0.7357
5006	0.7356
5007	0.7356
5008	0.7355
5009	0.7354
5010	0.7353
5011	0.7352
5012	0.7352
5013	0.7351
5014	0.7350
5015	0.7349
5016	0.7348
5017	0.7348
5018	0.7347
5019	0.7346
5020	0.7345
5021	0.7344
5022	0.7344
5023	0.7343
5024	0.7342
5025	0.7341
5026	0.7340
5027	0.7340
5028	0.7339
5029	0.7338
5030	0.7337
5031	0.7337
5032	0.7336
5033	0.7335
5034	0.7334
5035	0.7333
5036	0.7333
5037	0.7332
5038	0.7331
5039	0.7330
5040	0.7329
5041	0.7329
5042	0.7328
5043	0.7327
5044	0.7326
5045	0.7325
5046	0.7325
5047	0.7324
5048	0.7323
5049	0.7322
5050	0.7321
5051	0.7321
5052	0.7320
5053	0.7319
5054	0.7318
5055	0.7317
5056	0.7317
5057	0.7316
5058	0.7315
5059	0.7314
5060	0.7313
5061	0.7313
5062	0.7312
5063	0.7311
5064	0.7310
5065	0.7310
5066	0.7309
5067	0.7308
5068	0.7307
5069	0.7306
5070	0.7306
5071	0.7305
5072	0.7304
5073	0.7303
5074	0.7302
5075	0.7302
5076	0.7301
5077	0.7300
5078	0.7299
5079	0.7298
5080	0.7298
5081	0.7297
5082	0.7296
5083	0.7295
5084	0.7294
5085	0.7294
5086	0.7293
5087	0.7292
5088	0.7291
5089	0.7291
5090	0.7290
5091	0.7289
5092	0.7288
5093	0.7287
5094	0.7287
5095	0.7286
5096	0.7285
5097	0.7284
5098	0.7283
5099	0.7283
5100	0.7282
5101	0.7281
5102	0.7280
5103	0.7279
5104	0.7279
5105	0.7278
5106	0.7277
5107	0.7276
5108	0.7276
5109	0.7275
5110	0.7274
5111	0.7273
5112	0.7272
5113	0.7272
5114	0.7271
5115	0.7270
5116	0.7269
5117	0.7268
5118	0.7268
5119	0.7267
5120	0.7266
5121	0.7265
5122	0.7264
5123	0.7264
5124	0.7263
5125	0.7262
5126	0.7261
5127	0.7261
5128	0.7260
5129	0.7259
5130	0.7258
5131	0.7257
5132	0.7257
5133	0.7256
5134	0.7255
5135	0.7254
5136	0.7253
5137	0.7253
5138	0.7252
5139	0.7251
5140	0.7250
5141	0.7250
5142	0.7249
5143	0.7248
5144	0.7247
5145	0.7246
5146	0.7246
5147	0.7245
5148	0.7244
5149	0.7243
5150	0.7242
5151	0.7242
5152	0.7241
5153	0.7240
5154	0.7239
5155	0.7238
5156	0.7238
5157	0.7237
5158	0.7236
5159	0.7235
5160	0.7235
5161	0.7234
5162	0.7233
5163	0.7232
5164	0.7231
5165	0.7231
5166	0.7230
5167	0.7229
5168	0.7228
5169	0.7227
5170	0.7227
5171	0.7226
5172	0.7225
5173	0.7224
5174	0.7224
5175	0.7223
5176	0.7222
5177	0.7221
5178	0.7220
5179	0.7220
5180	0.7219
5181	0.7218
5182	0.7217
5183	0.7216
5184	0.7216
5185	0.7215
5186	0.7214
5187	0.7213
5188	0.7213
5189	0.7212
5190	0.7211
5191	0.7210
5192	0.7209
5193	0.7209
5194	0.7208
5195	0.7207
5196	0.7206
5197	0.7206
5198	0.7205
5199	0.7204
5200	0.7203
5201	0.7202
5202	0.7202
5203	0.7201
5204	0.7200
5205	0.7199
5206	0.7198
5207	0.7198
5208	0.7197
5209	0.7196
5210	0.7195
5211	0.7195
5212	0.7194
5213	0.7193
5214	0.7192
5215	0.7191
5216	0.7191
5217	0.7190
5218	0.7189
5219	0.7188
5220	0.7188
5221	0.7187
5222	0.7186
5223	0.7185
5224	0.7184
5225	0.7184
5226	0.7183
5227	0.7182
5228	0.7181
5229	0.7180
5230	0.7180
5231	0.7179
5232	0.7178
5233	0.7177
5234	0.7177
5235	0.7176
5236	0.7175
5237	0.7174
5238	0.7173
5239	0.7173
5240	0.7172
5241	0.7171
5242	0.7170
5243	0.7170
5244	0.7169
5245	0.7168
5246	0.7167
5247	0.7166
5248	0.7166
5249	0.7165
5250	0.7164
5251	0.7163
5252	0.7163
5253	0.7162
5254	0.7161
5255	0.7160
5256	0.7159
5257	0.7159
5258	0.7158
5259	0.7157
5260	0.7156
5261	0.7156
5262	0.7155
5263	0.7154
5264	0.7153
5265	0.7152
5266	0.7152
5267	0.7151
5268	0.7150
5269	0.7149
5270	0.7148
5271	0.7148
5272	0.7147
5273	0.7146
5274	0.7145
5275	0.7145
5276	0.7144
5277	0.7143
5278	0.7142
5279	0.7141
5280	0.7141
5281	0.7140
5282	0.7139
5283	0.7138
5284	0.7138
5285	0.7137
5286	0.7136
5287	0.7135
5288	0.7134
5289	0.7134
5290	0.7133
5291	0.7132
5292	0.7131
5293	0.7131
5294	0.7130
5295	0.7129
5296	0.7128
5297	0.7127
5298	0.7127
5299	0.7126
5300	0.7125
5301	0.7124
5302	0.7124
5303	0.7123
5304	0.7122
5305	0.7121
5306	0.7120
5307	0.7120
5308	0.7119
5309	0.7118
5310	0.7117
5311	0.7117
5312	0.7116
5313	0.7115
5314	0.7114
5315	0.7114
5316	0.7113
5317	0.7112
5318	0.7111
5319	0.7110
5320	0.7110
5321	0.7109
5322	0.7108
5323	0.7107
5324	0.7107
5325	0.7106
5326	0.7105
5327	0.7104
5328	0.7103
5329	0.7103
5330	0.7102
5331	0.7101
5332	0.7100
5333	0.7100
5334	0.7099
5335	0.7098
5336	0.7097
5337	0.7096
5338	0.7096
5339	0.7095
5340	0.7094
5341	0.7093
5342	0.7093
5343	0.7092
5344	0.7091
5345	0.7090
5346	0.7089
5347	0.7089
5348	0.7088
5349	0.7087
5350	0.7086
5351	0.7086
5352	0.7085
5353	0.7084
5354	0.7083
5355	0.7083
5356	0.7082
5357	0.7081
5358	0.7080
5359	0.7079
5360	0.7079
5361	0.7078
5362	0.7077
5363	0.7076
5364	0.7076
5365	0.7075
5366	0.7074
5367	0.7073
5368	0.7072
5369	0.7072
5370	0.7071
5371	0.7070
5372	0.7069
5373	0.7069
5374	0.7068
5375	0.7067
5376	0.7066
5377	0.7066
5378	0.7065
5379	0.7064
5380	0.7063
5381	0.7062
5382	0.7062
5383	0.7061
5384	0.7060
5385	0.7059
5386	0.7059
5387	0.7058
5388	0.7057
5389	0.7056
5390	0.7055
5391	0.7055
5392	0.7054
5393	0.7053
5394	0.7052
5395	0.7052
5396	0.7051
5397	0.7050
5398	0.7049
5399	0.7049
5400	0.7048
5401	0.7047
5402	0.7046
5403	0.7045
5404	0.7045
5405	0.7044
5406	0.7043
5407	0.7042
5408	0.7042
5409	0.7041
5410	0.7040
5411	0.7039
5412	0.7039
5413	0.7038
5414	0.7037
5415	0.7036
5416	0.7035
5417	0.7035
5418	0.7034
5419	0.7033
5420	0.7032
5421	0.7032
5422	0.7031
5423	0.7030
5424	0.7029
5425	0.7029
5426	0.7028
5427	0.7027
5428	0.7026
5429	0.7025
5430	0.7025
5431	0.7024
5432	0.7023
5433	0.7022
5434	0.7022
5435	0.7021
5436	0.7020
5437	0.7019
5438	0.7019
5439	0.7018
5440	0.7017
5441	0.7016
5442	0.7015
5443	0.7015
5444	0.7014
5445	0.7013
5446	0.7012
5447	0.7012
5448	0.7011
5449	0.7010
5450	0.7009
5451	0.7009
5452	0.7008
5453	0.7007
5454	0.7006
5455	0.7006
5456	0.7005
5457	0.7004
5458	0.7003
5459	0.7002
5460	0.7002
5461	0.7001
5462	0.7000
5463	0.6999
5464	0.6999
5465	0.6998
5466	0.6997
5467	0.6996
5468	0.6996
5469	0.6995
5470	0.6994
5471	0.6993
5472	0.6992
5473	0.6992
5474	0.6991
5475	0.6990
5476	0.6989
5477	0.6989
5478	0.6988
5479	0.6987
5480	0.6986
5481	0.6986
5482	0.6985
5483	0.6984
5484	0.6983
5485	0.6983
5486	0.6982
5487	0.6981
5488	0.6980
5489	0.6979
5490	0.6979
5491	0.6978
5492	0.6977
5493	0.6976
5494	0.6976
5495	0.6975
5496	0.6974
5497	0.6973
5498	0.6973
5499	0.6972
5500	0.6971
5501	0.6970
5502	0.6970
5503	0.6969
5504	0.6968
5505	0.6967
5506	0.6966
5507	0.6966
5508	0.6965
5509	0.6964
5510	0.6963
5511	0.6963
5512	0.6962
5513	0.6961
5514	0.6960
5515	0.6960
5516	0.6959
5517	0.6958
5518	0.6957
5519	0.6957
5520	0.6956
5521	0.6955
5522	0.6954
5523	0.6954
5524	0.6953
5525	0.6952
5526	0.6951
5527	0.6950
5528	0.6950
5529	0.6949
5530	0.6948
5531	0.6947
5532	0.6947
5533	0.6946
5534	0.6945
5535	0.6944
5536	0.6944
5537	0.6943
5538	0.6942
5539	0.6941
5540	0.6941
5541	0.6940
5542	0.6939
5543	0.6938
5544	0.6938
5545	0.6937
5546	0.6936
5547	0.6935
5548	0.6934
5549	0.6934
5550	0.6933
5551	0.6932
5552	0.6931
5553	0.6931
5554	0.6930
5555	0.6929
5556	0.6928
5557	0.6928
5558	0.6927
5559	0.6926
5560	0.6925
5561	0.6925
5562	0.6924
5563	0.6923
5564	0.6922
5565	0.6922
5566	0.6921
5567	0.6920
5568	0.6919
5569	0.6918
5570	0.6918
5571	0.6917
5572	0.6916
5573	0.6915
5574	0.6915
5575	0.6914
5576	0.6913
5577	0.6912
5578	0.6912
5579	0.6911
5580	0.6910
5581	0.6909
5582	0.6909
5583	0.6908
5584	0.6907
5585	0.6906
5586	0.6906
5587	0.6905
5588	0.6904
5589	0.6903
5590	0.6903
5591	0.6902
5592	0.6901
5593	0.6900
5594	0.6900
5595	0.6899
5596	0.6898
5597	0.6897
5598	0.6896
5599	0.6896
5600	0.6895
5601	0.6894
5602	0.6893
5603	0.6893
5604	0.6892
5605	0.6891
5606	0.6890
5607	0.6890
5608	0.6889
5609	0.6888
5610	0.6887
5611	0.6887
5612	0.6886
5613	0.6885
5614	0.6884
5615	0.6884
5616	0.6883
5617	0.6882
5618	0.6881
5619	0.6881
5620	0.6880
5621	0.6879
5622	0.6878
5623	0.6878
5624	0.6877
5625	0.6876
5626	0.6875
5627	0.6875
5628	0.6874
5629	0.6873
5630	0.6872
5631	0.6872
5632	0.6871
5633	0.6870
5634	0.6869
5635	0.6868
5636	0.6868
5637	0.6867
5638	0.6866
5639	0.6865
5640	0.6865
5641	0.6864
5642	0.6863
5643	0.6862
5644	0.6862
5645	0.6861
5646	0.6860
5647	0.6859
5648	0.6859
5649	0.6858
5650	0.6857
5651	0.6856
5652	0.6856
5653	0.6855
5654	0.6854
5655	0.6853
5656	0.6853
5657	0.6852
5658	0.6851
5659	0.6850
5660	0.6850
5661	0.6849
5662	0.6848
5663	0.6847
5664	0.6847
5665	0.6846
5666	0.6845
5667	0.6844
5668	0.6844
5669	0.6843
5670	0.6842
5671	0.6841
5672	0.6841
5673	0.6840
5674	0.6839
5675	0.6838
5676	0.6838
5677	0.6837
5678	0.6836
5679	0.6835
5680	0.6835
5681	0.6834
5682	0.6833
5683	0.6832
5684	0.6832
5685	0.6831
5686	0.6830
5687	0.6829
5688	0.6829
5689	0.6828
5690	0.6827
5691	0.6826
5692	0.6826
5693	0.6825
5694	0.6824
5695	0.6823
5696	0.6823
5697	0.6822
5698	0.6821
5699	0.6820
5700	0.6820
5701	0.6819
5702	0.6818
5703	0.6817
5704	0.6817
5705	0.6816
5706	0.6815
5707	0.6814
5708	0.6814
5709	0.6813
5710	0.6812
5711	0.6811
5712	0.6811
5713	0.6810
5714	0.6809
5715	0.6808
5716	0.6808
5717	0.6807
5718	0.6806
5719	0.6805
5720	0.6805
5721	0.6804
5722	0.6803
5723	0.6802
5724	0.6802
5725	0.6801
5726	0.6800
5727	0.6799
5728	0.6799
5729	0.6798
5730	0.6797
5731	0.6796
5732	0.6796
5733	0.6795
5734	0.6794
5735	0.6793
5736	0.6793
5737	0.6792
5738	0.6791
5739	0.6790
5740	0.6790
5741	0.6789
5742	0.6788
5743	0.6787
5744	0.6787
5745	0.6786
5746	0.6785
5747	0.6784
5748	0.6784
5749	0.6783
5750	0.6782
5751	0.6781
5752	0.6781
5753	0.6780
5754	0.6779
5755	0.6778
5756	0.6778
5757	0.6777
5758	0.6776
5759	0.6775
5760	0.6775
5761	0.6774
5762	0.6773
5763	0.6772
5764	0.6772
5765	0.6771
5766	0.6770
5767	0.6769
5768	0.6769
5769	0.6768
5770	0.6767
5771	0.6766
5772	0.6766
5773	0.6765
5774	0.6764
5775	0.6763
5776	0.6763
5777	0.6762
5778	0.6761
5779	0.6760
5780	0.6760
5781	0.6759
5782	0.6758
5783	0.6757
5784	0.6757
5785	0.6756
5786	0.6755
5787	0.6754
5788	0.6754
5789	0.6753
5790	0.6752
5791	0.6751
5792	0.6751
5793	0.6750
5794	0.6749
5795	0.6748
5796	0.6748
5797	0.6747
5798	0.6746
5799	0.6745
5800	0.6745
5801	0.6744
5802	0.6743
5803	0.6742
5804	0.6742
5805	0.6741
5806	0.6740
5807	0.6740
5808	0.6739
5809	0.6738
5810	0.6737
5811	0.6737
5812	0.6736
5813	0.6735
5814	0.6734
5815	0.6734
5816	0.6733
5817	0.6732
5818	0.6731
5819	0.6731
5820	0.6730
5821	0.6729
5822	0.6728
5823	0.6728
5824	0.6727
5825	0.6726
5826	0.6725
5827	0.6725
5828	0.6724
5829	0.6723
5830	0.6722
5831	0.6722
5832	0.6721
5833	0.6720
5834	0.6719
5835	0.6719
5836	0.6718
5837	0.6717
5838	0.6716
5839	0.6716
5840	0.6715
5841	0.6714
5842	0.6713
5843	0.6713
5844	0.6712
5845	0.6711
5846	0.6711
5847	0.6710
5848	0.6709
5849	0.6708
5850	0.6708
5851	0.6707
5852	0.6706
5853	0.6705
5854	0.6705
5855	0.6704
5856	0.6703
5857	0.6702
5858	0.6702
5859	0.6701
5860	0.6700
5861	0.6699
5862	0.6699
5863	0.6698
5864	0.6697
5865	0.6696
5866	0.6696
5867	0.6695
5868	0.6694
5869	0.6693
5870	0.6693
5871	0.6692
5872	0.6691
5873	0.6691
5874	0.6690
5875	0.6689
5876	0.6688
5877	0.6688
5878	0.6687
5879	0.6686
5880	0.6685
5881	0.6685
5882	0.6684
5883	0.6683
5884	0.6682
5885	0.6682
5886	0.6681
5887	0.6680
5888	0.6679
5889	0.6679
5890	0.6678
5891	0.6677
5892	0.6676
5893	0.6676
5894	0.6675
5895	0.6674
5896	0.6673
5897	0.6673
5898	0.6672
5899	0.6671
5900	0.6671
5901	0.6670
5902	0.6669
5903	0.6668
5904	0.6668
5905	0.6667
5906	0.6666
5907	0.6665
5908	0.6665
5909	0.6664
5910	0.6663
5911	0.6662
5912	0.6662
5913	0.6661
5914	0.6660
5915	0.6659
5916	0.6659
5917	0.6658
5918	0.6657
5919	0.6657
5920	0.6656
5921	0.6655
5922	0.6654
5923	0.6654
5924	0.6653
5925	0.6652
5926	0.6651
5927	0.6651
5928	0.6650
5929	0.6649
5930	0.6648
5931	0.6648
5932	0.6647
5933	0.6646
5934	0.6645
5935	0.6645
5936	0.6644
5937	0.6643
5938	0.6643
5939	0.6642
5940	0.6641
5941	0.6640
5942	0.6640
5943	0.6639
5944	0.6638
5945	0.6637
5946	0.6637
5947	0.6636
5948	0.6635
5949	0.6634
5950	0.6634
5951	0.6633
5952	0.6632
5953	0.6631
5954	0.6631
5955	0.6630
5956	0.6629
5957	0.6629
5958	0.6628
5959	0.6627
5960	0.6626
5961	0.6626
5962	0.6625
5963	0.6624
5964	0.6623
5965	0.6623
5966	0.6622
5967	0.6621
5968	0.6620
5969	0.6620
5970	0.6619
5971	0.6618
5972	0.6618
5973	0.6617
5974	0.6616
5975	0.6615
5976	0.6615
5977	0.6614
5978	0.6613
5979	0.6612
5980	0.6612
5981	0.6611
5982	0.6610
5983	0.6609
5984	0.6609
5985	0.6608
5986	0.6607
5987	0.6607
5988	0.6606
5989	0.6605
5990	0.6604
5991	0.6604
5992	0.6603
5993	0.6602
5994	0.6601
5995	0.6601
5996	0.6600
5997	0.6599
5998	0.6598
5999	0.6598
6000	0.6597
6001	0.6596
6002	0.6596
6003	0.6595
6004	0.6594
6005	0.6593
6006	0.6593
6007	0.6592
6008	0.6591
6009	0.6590
6010	0.6590
6011	0.6589
6012	0.6588
6013	0.6587
6014	0.6587
6015	0.6586
6016	0.6585
6017	0.6585
6018	0.6584
6019	0.6583
6020	0.6582
6021	0.6582
6022	0.6581
6023	0.6580
6024	0.6579
6025	0.6579
6026	0.6578
6027	0.6577
6028	0.6576
6029	0.6576
6030	0.6575
6031	0.6574
6032	0.6574
6033	0.6573
6034	0.6572
6035	0.6571
6036	0.6571
6037	0.6570
6038	0.6569
6039	0.6568
6040	0.6568
6041	0.6567
6042	0.6566
6043	0.6566
6044	0.6565
6045	0.6564
6046	0.6563
6047	0.6563
6048	0.6562
6049	0.6561
6050	0.6560
6051	0.6560
6052	0.6559
6053	0.6558
6054	0.6558
6055	0.6557
6056	0.6556
6057	0.6555
6058	0.6555
6059	0.6554
6060	0.6553
6061	0.6552
6062	0.6552
6063	0.6551
6064	0.6550
6065	0.6549
6066	0.6549
6067	0.6548
6068	0.6547
6069	0.6547
6070	0.6546
6071	0.6545
6072	0.6544
6073	0.6544
6074	0.6543
6075	0.6542
6076	0.6541
6077	0.6541
6078	0.6540
6079	0.6539
6080	0.6539
6081	0.6538
6082	0.6537
6083	0.6536
6084	0.6536
6085	0.6535
6086	0.6534
6087	0.6533
6088	0.6533
6089	0.6532
6090	0.6531
6091	0.6531
6092	0.6530
6093	0.6529
6094	0.6528
6095	0.6528
6096	0.6527
6097	0.6526
6098	0.6525
6099	0.6525
6100	0.6524
6101	0.6523
6102	0.6523
6103	0.6522
6104	0.6521
6105	0.6520
6106	0.6520
6107	0.6519
6108	0.6518
6109	0.6518
6110	0.6517
6111	0.6516
6112	0.6515
6113	0.6515
6114	0.6514
6115	0.6513
6116	0.6512
6117	0.6512
6118	0.6511
6119	0.6510
6120	0.6510
6121	0.6509
6122	0.6508
6123	0.6507
6124	0.6507
6125	0.6506
6126	0.6505
6127	0.6504
6128	0.6504
6129	0.6503
6130	0.6502
6131	0.6502
6132	0.6501
6133	0.6500
6134	0.6499
6135	0.6499
6136	0.6498
6137	0.6497
6138	0.6496
6139	0.6496
6140	0.6495
6141	0.6494
6142	0.6494
6143	0.6493
6144	0.6492
6145	0.6491
6146	0.6491
6147	0.6490
6148	0.6489
6149	0.6489
6150	0.6488
6151	0.6487
6152	0.6486
6153	0.6486
6154	0.6485
6155	0.6484
6156	0.6483
6157	0.6483
6158	0.6482
6159	0.6481
6160	0.6481
6161	0.6480
6162	0.6479
6163	0.6478
6164	0.6478
6165	0.6477
6166	0.6476
6167	0.6476
6168	0.6475
6169	0.6474
6170	0.6473
6171	0.6473
6172	0.6472
6173	0.6471
6174	0.6470
6175	0.6470
6176	0.6469
6177	0.6468
6178	0.6468
6179	0.6467
6180	0.6466
6181	0.6465
6182	0.6465
6183	0.6464
6184	0.6463
6185	0.6463
6186	0.6462
6187	0.6461
6188	0.6460
6189	0.6460
6190	0.6459
6191	0.6458
6192	0.6457
6193	0.6457
6194	0.6456
6195	0.6455
6196	0.6455
6197	0.6454
6198	0.6453
6199	0.6452
6200	0.6452
6201	0.6451
6202	0.6450
6203	0.6450
6204	0.6449
6205	0.6448
6206	0.6447
6207	0.6447
6208	0.6446
6209	0.6445
6210	0.6445
6211	0.6444
6212	0.6443
6213	0.6442
6214	0.6442
6215	0.6441
6216	0.6440
6217	0.6439
6218	0.6439
6219	0.6438
6220	0.6437
6221	0.6437
6222	0.6436
6223	0.6435
6224	0.6434
6225	0.6434
6226	0.6433
6227	0.6432
6228	0.6432
6229	0.6431
6230	0.6430
6231	0.6429
6232	0.6429
6233	0.6428
6234	0.6427
6235	0.6427
6236	0.6426
6237	0.6425
6238	0.6424
6239	0.6424
6240	0.6423
6241	0.6422
6242	0.6422
6243	0.6421
6244	0.6420
6245	0.6419
6246	0.6419
6247	0.6418
6248	0.6417
6249	0.6417
6250	0.6416
6251	0.6415
6252	0.6414
6253	0.6414
6254	0.6413
6255	0.6412
6256	0.6411
6257	0.6411
6258	0.6410
6259	0.6409
6260	0.6409
6261	0.6408
6262	0.6407
6263	0.6406
6264	0.6406
6265	0.6405
6266	0.6404
6267	0.6404
6268	0.6403
6269	0.6402
6270	0.6401
6271	0.6401
6272	0.6400
6273	0.6399
6274	0.6399
6275	0.6398
6276	0.6397
6277	0.6396
6278	0.6396
6279	0.6395
6280	0.6394
6281	0.6394
6282	0.6393
6283	0.6392
6284	0.6391
6285	0.6391
6286	0.6390
6287	0.6389
6288	0.6389
6289	0.6388
6290	0.6387
6291	0.6386
6292	0.6386
6293	0.6385
6294	0.6384
6295	0.6384
6296	0.6383
6297	0.6382
6298	0.6381
6299	0.6381
6300	0.6380
6301	0.6379
6302	0.6379
6303	0.6378
6304	0.6377
6305	0.6376
6306	0.6376
6307	0.6375
6308	0.6374
6309	0.6374
6310	0.6373
6311	0.6372
6312	0.6371
6313	0.6371
6314	0.6370
6315	0.6369
6316	0.6369
6317	0.6368
6318	0.6367
6319	0.6366
6320	0.6366
6321	0.6365
6322	0.6364
6323	0.6364
6324	0.6363
6325	0.6362
6326	0.6361
6327	0.6361
6328	0.6360
6329	0.6359
6330	0.6359
6331	0.6358
6332	0.6357
6333	0.6356
6334	0.6356
6335	0.6355
6336	0.6354
6337	0.6354
6338	0.6353
6339	0.6352
6340	0.6352
6341	0.6351
6342	0.6350
6343	0.6349
6344	0.6349
6345	0.6348
6346	0.6347
6347	0.6347
6348	0.6346
6349	0.6345
6350	0.6344
6351	0.6344
6352	0.6343
6353	0.6342
6354	0.6342
6355	0.6341
6356	0.6340
6357	0.6339
6358	0.6339
6359	0.6338
6360	0.6337
6361	0.6337
6362	0.6336
6363	0.6335
6364	0.6334
6365	0.6334
6366	0.6333
6367	0.6332
6368	0.6332
6369	0.6331
6370	0.6330
6371	0.6329
6372	0.6329
6373	0.6328
6374	0.6327
6375	0.6327
6376	0.6326
6377	0.6325
6378	0.6325
6379	0.6324
6380	0.6323
6381	0.6322
6382	0.6322
6383	0.6321
6384	0.6320
6385	0.6320
6386	0.6319
6387	0.6318
6388	0.6317
6389	0.6317
6390	0.6316
6391	0.6315
6392	0.6315
6393	0.6314
6394	0.6313
6395	0.6312
6396	0.6312
6397	0.6311
6398	0.6310
6399	0.6310
6400	0.6309
6401	0.6308
6402	0.6308
6403	0.6307
6404	0.6306
6405	0.6305
6406	0.6305
6407	0.6304
6408	0.6303
6409	0.6303
6410	0.6302
6411	0.6301
6412	0.6300
6413	0.6300
6414	0.6299
6415	0.6298
6416	0.6298
6417	0.6297
6418	0.6296
6419	0.6295
6420	0.6295
6421	0.6294
6422	0.6293
6423	0.6293
6424	0.6292
6425	0.6291
6426	0.6291
6427	0.6290
6428	0.6289
6429	0.6288
6430	0.6288
6431	0.6287
6432	0.6286
6433	0.6286
6434	0.6285
6435	0.6284
6436	0.6283
6437	0.6283
6438	0.6282
6439	0.6281
6440	0.6281
6441	0.6280
6442	0.6279
6443	0.6279
6444	0.6278
6445	0.6277
6446	0.6276
6447	0.6276
6448	0.6275
6449	0.6274
6450	0.6274
6451	0.6273
6452	0.6272
6453	0.6271
6454	0.6271
6455	0.6270
6456	0.6269
6457	0.6269
6458	0.6268
6459	0.6267
6460	0.6267
6461	0.6266
6462	0.6265
6463	0.6264
6464	0.6264
6465	0.6263
6466	0.6262
6467	0.6262
6468	0.6261
6469	0.6260
6470	0.6260
6471	0.6259
6472	0.6258
6473	0.6257
6474	0.6257
6475	0.6256
6476	0.6255
6477	0.6255
6478	0.6254
6479	0.6253
6480	0.6252
6481	0.6252
6482	0.6251
6483	0.6250
6484	0.6250
6485	0.6249
6486	0.6248
6487	0.6248
6488	0.6247
6489	0.6246
6490	0.6245
6491	0.6245
6492	0.6244
6493	0.6243
6494	0.6243
6495	0.6242
6496	0.6241
6497	0.6241
6498	0.6240
6499	0.6239
6500	0.6238
6501	0.6238
6502	0.6237
6503	0.6236
6504	0.6236
6505	0.6235
6506	0.6234
6507	0.6234
6508	0.6233
6509	0.6232
6510	0.6231
6511	0.6231
6512	0.6230
6513	0.6229
6514	0.6229
6515	0.6228
6516	0.6227
6517	0.6227
6518	0.6226
6519	0.6225
6520	0.6224
6521	0.6224
6522	0.6223
6523	0.6222
6524	0.6222
6525	0.6221
6526	0.6220
6527	0.6220
6528	0.6219
6529	0.6218
6530	0.6217
6531	0.6217
6532	0.6216
6533	0.6215
6534	0.6215
6535	0.6214
6536	0.6213
6537	0.6213
6538	0.6212
6539	0.6211
6540	0.6210
6541	0.6210
6542	0.6209
6543	0.6208
6544	0.6208
6545	0.6207
6546	0.6206
6547	0.6206
6548	0.6205
6549	0.6204
6550	0.6203
6551	0.6203
6552	0.6202
6553	0.6201
6554	0.6201
6555	0.6200
6556	0.6199
6557	0.6199
6558	0.6198
6559	0.6197
6560	0.6196
6561	0.6196
6562	0.6195
6563	0.6194
6564	0.6194
6565	0.6193
6566	0.6192
6567	0.6192
6568	0.6191
6569	0.6190
6570	0.6189
6571	0.6189
6572	0.6188
6573	0.6187
6574	0.6187
6575	0.6186
6576	0.6185
6577	0.6185
6578	0.6184
6579	0.6183
6580	0.6182
6581	0.6182
6582	0.6181
6583	0.6180
6584	0.6180
6585	0.6179
6586	0.6178
6587	0.6178
6588	0.6177
6589	0.6176
6590	0.6176
6591	0.6175
6592	0.6174
6593	0.6173
6594	0.6173
6595	0.6172
6596	0.6171
6597	0.6171
6598	0.6170
6599	0.6169
6600	0.6169
6601	0.6168
6602	0.6167
6603	0.6166
6604	0.6166
6605	0.6165
6606	0.6164
6607	0.6164
6608	0.6163
6609	0.6162
6610	0.6162
6611	0.6161
6612	0.6160
6613	0.6160
6614	0.6159
6615	0.6158
6616	0.6157
6617	0.6157
6618	0.6156
6619	0.6155
6620	0.6155
6621	0.6154
6622	0.6153
6623	0.6153
6624	0.6152
6625	0.6151
6626	0.6150
6627	0.6150
6628	0.6149
6629	0.6148
6630	0.6148
6631	0.6147
6632	0.6146
6633	0.6146
6634	0.6145
6635	0.6144
6636	0.6144
6637	0.6143
6638	0.6142
6639	0.6141
6640	0.6141
6641	0.6140
6642	0.6139
6643	0.6139
6644	0.6138
6645	0.6137
6646	0.6137
6647	0.6136
6648	0.6135
6649	0.6135
6650	0.6134
6651	0.6133
6652	0.6132
6653	0.6132
6654	0.6131
6655	0.6130
6656	0.6130
6657	0.6129
6658	0.6128
6659	0.6128
6660	0.6127
6661	0.6126
6662	0.6126
6663	0.6125
6664	0.6124
6665	0.6123
6666	0.6123
6667	0.6122
6668	0.6121
6669	0.6121
6670	0.6120
6671	0.6119
6672	0.6119
6673	0.6118
6674	0.6117
6675	0.6117
6676	0.6116
6677	0.6115
6678	0.6114
6679	0.6114
6680	0.6113
6681	0.6112
6682	0.6112
6683	0.6111
6684	0.6110
6685	0.6110
6686	0.6109
6687	0.6108
6688	0.6108
6689	0.6107
6690	0.6106
6691	0.6105
6692	0.6105
6693	0.6104
6694	0.6103
6695	0.6103
6696	0.6102
6697	0.6101
6698	0.6101
6699	0.6100
6700	0.6099
6701	0.6099
6702	0.6098
6703	0.6097
6704	0.6097
6705	0.6096
6706	0.6095
6707	0.6094
6708	0.6094
6709	0.6093
6710	0.6092
6711	0.6092
6712	0.6091
6713	0.6090
6714	0.6090
6715	0.6089
6716	0.6088
6717	0.6088
6718	0.6087
6719	0.6086
6720	0.6086
6721	0.6085
6722	0.6084
6723	0.6083
6724	0.6083
6725	0.6082
6726	0.6081
6727	0.6081
6728	0.6080
6729	0.6079
6730	0.6079
6731	0.6078
6732	0.6077
6733	0.6077
6734	0.6076
6735	0.6075
6736	0.6074
6737	0.6074
6738	0.6073
6739	0.6072
6740	0.6072
6741	0.6071
6742	0.6070
6743	0.6070
6744	0.6069
6745	0.6068
6746	0.6068
6747	0.6067
6748	0.6066
6749	0.6066
6750	0.6065
6751	0.6064
6752	0.6063
6753	0.6063
6754	0.6062
6755	0.6061
6756	0.6061
6757	0.6060
6758	0.6059
6759	0.6059
6760	0.6058
6761	0.6057
6762	0.6057
6763	0.6056
6764	0.6055
6765	0.6055
6766	0.6054
6767	0.6053
6768	0.6053
6769	0.6052
6770	0.6051
6771	0.6050
6772	0.6050
6773	0.6049
6774	0.6048
6775	0.6048
6776	0.6047
6777	0.6046
6778	0.6046
6779	0.6045
6780	0.6044
6781	0.6044
6782	0.6043
6783	0.6042
6784	0.6042
6785	0.6041
6786	0.6040
6787	0.6039
6788	0.6039
6789	0.6038
6790	0.6037
6791	0.6037
6792	0.6036
6793	0.6035
6794	0.6035
6795	0.6034
6796	0.6033
6797	0.6033
6798	0.6032
6799	0.6031
6800	0.6031
6801	0.6030
6802	0.6029
6803	0.6029
6804	0.6028
6805	0.6027
6806	0.6027
6807	0.6026
6808	0.6025
6809	0.6024
6810	0.6024
6811	0.6023
6812	0.6022
6813	0.6022
6814	0.6021
6815	0.6020
6816	0.6020
6817	0.6019
6818	0.6018
6819	0.6018
6820	0.6017
6821	0.6016
6822	0.6016
6823	0.6015
6824	0.6014
6825	0.6014
6826	0.6013
6827	0.6012
6828	0.6011
6829	0.6011
6830	0.6010
6831	0.6009
6832	0.6009
6833	0.6008
6834	0.6007
6835	0.6007
6836	0.6006
6837	0.6005
6838	0.6005
6839	0.6004
6840	0.6003
6841	0.6003
6842	0.6002
6843	0.6001
6844	0.6001
6845	0.6000
6846	0.5999
6847	0.5999
6848	0.5998
6849	0.5997
6850	0.5996
6851	0.5996
6852	0.5995
6853	0.5994
6854	0.5994
6855	0.5993
6856	0.5992
6857	0.5992
6858	0.5991
6859	0.5990
6860	0.5990
6861	0.5989
6862	0.5988
6863	0.5988
6864	0.5987
6865	0.5986
6866	0.5986
6867	0.5985
6868	0.5984
6869	0.5984
6870	0.5983
6871	0.5982
6872	0.5982
6873	0.5981
6874	0.5980
6875	0.5979
6876	0.5979
6877	0.5978
6878	0.5977
6879	0.5977
6880	0.5976
6881	0.5975
6882	0.5975
6883	0.5974
6884	0.5973
6885	0.5973
6886	0.5972
6887	0.5971
6888	0.5971
6889	0.5970
6890	0.5969
6891	0.5969
6892	0.5968
6893	0.5967
6894	0.5967
6895	0.5966
6896	0.5965
6897	0.5965
6898	0.5964
6899	0.5963
6900	0.5963
6901	0.5962
6902	0.5961
6903	0.5960
6904	0.5960
6905	0.5959
6906	0.5958
6907	0.5958
6908	0.5957
6909	0.5956
6910	0.5956
6911	0.5955
6912	0.5954
6913	0.5954
6914	0.5953
6915	0.5952
6916	0.5952
6917	0.5951
6918	0.5950
6919	0.5950
6920	0.5949
6921	0.5948
6922	0.5948
6923	0.5947
6924	0.5946
6925	0.5946
6926	0.5945
6927	0.5944
6928	0.5944
6929	0.5943
6930	0.5942
6931	0.5942
6932	0.5941
6933	0.5940
6934	0.5939
6935	0.5939
6936	0.5938
6937	0.5937
6938	0.5937
6939	0.5936
6940	0.5935
6941	0.5935
6942	0.5934
6943	0.5933
6944	0.5933
6945	0.5932
6946	0.5931
6947	0.5931
6948	0.5930
6949	0.5929
6950	0.5929
6951	0.5928
6952	0.5927
6953	0.5927
6954	0.5926
6955	0.5925
6956	0.5925
6957	0.5924
6958	0.5923
6959	0.5923
6960	0.5922
6961	0.5921
6962	0.5921
6963	0.5920
6964	0.5919
6965	0.5919
6966	0.5918
6967	0.5917
6968	0.5917
6969	0.5916
6970	0.5915
6971	0.5915
6972	0.5914
6973	0.5913
6974	0.5913
6975	0.5912
6976	0.5911
6977	0.5910
6978	0.5910
6979	0.5909
6980	0.5908
6981	0.5908
6982	0.5907
6983	0.5906
6984	0.5906
6985	0.5905
6986	0.5904
6987	0.5904
6988	0.5903
6989	0.5902
6990	0.5902
6991	0.5901
6992	0.5900
6993	0.5900
6994	0.5899
6995	0.5898
6996	0.5898
6997	0.5897
6998	0.5896
6999	0.5896
7000	0.5895
7001	0.5894
7002	0.5894
7003	0.5893
7004	0.5892
7005	0.5892
7006	0.5891
7007	0.5890
7008	0.5890
7009	0.5889
7010	0.5888
7011	0.5888
7012	0.5887
7013	0.5886
7014	0.5886
7015	0.5885
7016	0.5884
7017	0.5884
7018	0.5883
7019	0.5882
7020	0.5882
7021	0.5881
7022	0.5880
7023	0.5880
7024	0.5879
7025	0.5878
7026	0.5878
7027	0.5877
7028	0.5876
7029	0.5876
7030	0.5875
7031	0.5874
7032	0.5874
7033	0.5873
7034	0.5872
7035	0.5872
7036	0.5871
7037	0.5870
7038	0.5870
7039	0.5869
7040	0.5868
7041	0.5868
7042	0.5867
7043	0.5866
7044	0.5866
7045	0.5865
7046	0.5864
7047	0.5863
7048	0.5863
7049	0.5862
7050	0.5861
7051	0.5861
7052	0.5860
7053	0.5859
7054	0.5859
7055	0.5858
7056	0.5857
7057	0.5857
7058	0.5856
7059	0.5855
7060	0.5855
7061	0.5854
7062	0.5853
7063	0.5853
7064	0.5852
7065	0.5851
7066	0.5851
7067	0.5850
7068	0.5849
7069	0.5849
7070	0.5848
7071	0.5847
7072	0.5847
7073	0.5846
7074	0.5845
7075	0.5845
7076	0.5844
7077	0.5843
7078	0.5843
7079	0.5842
7080	0.5841
7081	0.5841
7082	0.5840
7083	0.5839
7084	0.5839
7085	0.5838
7086	0.5837
7087	0.5837
7088	0.5836
7089	0.5835
7090	0.5835
7091	0.5834
7092	0.5833
7093	0.5833
7094	0.5832
7095	0.5831
7096	0.5831
7097	0.5830
7098	0.5829
7099	0.5829
7100	0.5828
7101	0.5827
7102	0.5827
7103	0.5826
7104	0.5825
7105	0.5825
7106	0.5824
7107	0.5823
7108	0.5823
7109	0.5822
7110	0.5821
7111	0.5821
7112	0.5820
7113	0.5819
7114	0.5819
7115	0.5818
7116	0.5817
7117	0.5817
7118	0.5816
7119	0.5815
7120	0.5815
7121	0.5814
7122	0.5813
7123	0.5813
7124	0.5812
7125	0.5811
7126	0.5811
7127	0.5810
7128	0.5809
7129	0.5809
7130	0.5808
7131	0.5807
7132	0.5807
7133	0.5806
7134	0.5805
7135	0.5805
7136	0.5804
7137	0.5803
7138	0.5803
7139	0.5802
7140	0.5802
7141	0.5801
7142	0.5800
7143	0.5800
7144	0.5799
7145	0.5798
7146	0.5798
7147	0.5797
7148	0.5796
7149	0.5796
7150	0.5795
7151	0.5794
7152	0.5794
7153	0.5793
7154	0.5792
7155	0.5792
7156	0.5791
7157	0.5790
7158	0.5790
7159	0.5789
7160	0.5788
7161	0.5788
7162	0.5787
7163	0.5786
7164	0.5786
7165	0.5785
7166	0.5784
7167	0.5784
7168	0.5783
7169	0.5782
7170	0.5782
7171	0.5781
7172	0.5780
7173	0.5780
7174	0.5779
7175	0.5778
7176	0.5778
7177	0.5777
7178	0.5776
7179	0.5776
7180	0.5775
7181	0.5774
7182	0.5774
7183	0.5773
7184	0.5772
7185	0.5772
7186	0.5771
7187	0.5770
7188	0.5770
7189	0.5769
7190	0.5768
7191	0.5768
7192	0.5767
7193	0.5766
7194	0.5766
7195	0.5765
7196	0.5764
7197	0.5764
7198	0.5763
7199	0.5762
7200	0.5762
7201	0.5761
7202	0.5760
7203	0.5760
7204	0.5759
7205	0.5758
7206	0.5758
7207	0.5757
7208	0.5756
7209	0.5756
7210	0.5755
7211	0.5755
7212	0.5754
7213	0.5753
7214	0.5753
7215	0.5752
7216	0.5751
7217	0.5751
7218	0.5750
7219	0.5749
7220	0.5749
7221	0.5748
7222	0.5747
7223	0.5747
7224	0.5746
7225	0.5745
7226	0.5745
7227	0.5744
7228	0.5743
7229	0.5743
7230	0.5742
7231	0.5741
7232	0.5741
7233	0.5740
7234	0.5739
7235	0.5739
7236	0.5738
7237	0.5737
7238	0.5737
7239	0.5736
7240	0.5735
7241	0.5735
7242	0.5734
7243	0.5733
7244	0.5733
7245	0.5732
7246	0.5731
7247	0.5731
7248	0.5730
7249	0.5729
7250	0.5729
7251	0.5728
7252	0.5728
7253	0.5727
7254	0.5726
7255	0.5726
7256	0.5725
7257	0.5724
7258	0.5724
7259	0.5723
7260	0.5722
7261	0.5722
7262	0.5721
7263	0.5720
7264	0.5720
7265	0.5719
7266	0.5718
7267	0.5718
7268	0.5717
7269	0.5716
7270	0.5716
7271	0.5715
7272	0.5714
7273	0.5714
7274	0.5713
7275	0.5712
7276	0.5712
7277	0.5711
7278	0.5710
7279	0.5710
7280	0.5709
7281	0.5708
7282	0.5708
7283	0.5707
7284	0.5707
7285	0.5706
7286	0.5705
7287	0.5705
7288	0.5704
7289	0.5703
7290	0.5703
7291	0.5702
7292	0.5701
7293	0.5701
7294	0.5700
7295	0.5699
7296	0.5699
7297	0.5698
7298	0.5697
7299	0.5697
7300	0.5696
7301	0.5695
7302	0.5695
7303	0.5694
7304	0.5693
7305	0.5693
7306	0.5692
7307	0.5691
7308	0.5691
7309	0.5690
7310	0.5689
7311	0.5689
7312	0.5688
7313	0.5688
7314	0.5687
7315	0.5686
7316	0.5686
7317	0.5685
7318	0.5684
7319	0.5684
7320	0.5683
7321	0.5682
7322	0.5682
7323	0.5681
7324	0.5680
7325	0.5680
7326	0.5679
7327	0.5678
7328	0.5678
7329	0.5677
7330	0.5676
7331	0.5676
7332	0.5675
7333	0.5674
7334	0.5674
7335	0.5673
7336	0.5672
7337	0.5672
7338	0.5671
7339	0.5671
7340	0.5670
7341	0.5669
7342	0.5669
7343	0.5668
7344	0.5667
7345	0.5667
7346	0.5666
7347	0.5665
7348	0.5665
7349	0.5664
7350	0.5663
7351	0.5663
7352	0.5662
7353	0.5661
7354	0.5661
7355	0.5660
7356	0.5659
7357	0.5659
7358	0.5658
7359	0.5657
7360	0.5657
7361	0.5656
7362	0.5656
7363	0.5655
7364	0.5654
7365	0.5654
7366	0.5653
7367	0.5652
7368	0.5652
7369	0.5651
7370	0.5650
7371	0.5650
7372	0.5649
7373	0.5648
7374	0.5648
7375	0.5647
7376	0.5646
7377	0.5646
7378	0.5645
7379	0.5644
7380	0.5644
7381	0.5643
7382	0.5643
7383	0.5642
7384	0.5641
7385	0.5641
7386	0.5640
7387	0.5639
7388	0.5639
7389	0.5638
7390	0.5637
7391	0.5637
7392	0.5636
7393	0.5635
7394	0.5635
7395	0.5634
7396	0.5633
7397	0.5633
7398	0.5632
7399	0.5631
7400	0.5631
7401	0.5630
7402	0.5630
7403	0.5629
7404	0.5628
7405	0.5628
7406	0.5627
7407	0.5626
7408	0.5626
7409	0.5625
7410	0.5624
7411	0.5624
7412	0.5623
7413	0.5622
7414	0.5622
7415	0.5621
7416	0.5620
7417	0.5620
7418	0.5619
7419	0.5619
7420	0.5618
7421	0.5617
7422	0.5617
7423	0.5616
7424	0.5615
7425	0.5615
7426	0.5614
7427	0.5613
7428	0.5613
7429	0.5612
7430	0.5611
7431	0.5611
7432	0.5610
7433	0.5609
7434	0.5609
7435	0.5608
7436	0.5608
7437	0.5607
7438	0.5606
7439	0.5606
7440	0.5605
7441	0.5604
7442	0.5604
7443	0.5603
7444	0.5602
7445	0.5602
7446	0.5601
7447	0.5600
7448	0.5600
7449	0.5599
7450	0.5598
7451	0.5598
7452	0.5597
7453	0.5597
7454	0.5596
7455	0.5595
7456	0.5595
7457	0.5594
7458	0.5593
7459	0.5593
7460	0.5592
7461	0.5591
7462	0.5591
7463	0.5590
7464	0.5589
7465	0.5589
7466	0.5588
7467	0.5587
7468	0.5587
7469	0.5586
7470	0.5586
7471	0.5585
7472	0.5584
7473	0.5584
7474	0.5583
7475	0.5582
7476	0.5582
7477	0.5581
7478	0.5580
7479	0.5580
7480	0.5579
7481	0.5578
7482	0.5578
7483	0.5577
7484	0.5577
7485	0.5576
7486	0.5575
7487	0.5575
7488	0.5574
7489	0.5573
7490	0.5573
7491	0.5572
7492	0.5571
7493	0.5571
7494	0.5570
7495	0.5569
7496	0.5569
7497	0.5568
7498	0.5568
7499	0.5567
7500	0.5566
7501	0.5566
7502	0.5565
7503	0.5564
7504	0.5564
7505	0.5563
7506	0.5562
7507	0.5562
7508	0.5561
7509	0.5560
7510	0.5560
7511	0.5559
7512	0.5559
7513	0.5558
7514	0.5557
7515	0.5557
7516	0.5556
7517	0.5555
7518	0.5555
7519	0.5554
7520	0.5553
7521	0.5553
7522	0.5552
7523	0.5551
7524	0.5551
7525	0.5550
7526	0.5550
7527	0.5549
7528	0.5548
7529	0.5548
7530	0.5547
7531	0.5546
7532	0.5546
7533	0.5545
7534	0.5544
7535	0.5544
7536	0.5543
7537	0.5542
7538	0.5542
7539	0.5541
7540	0.5541
7541	0.5540
7542	0.5539
7543	0.5539
7544	0.5538
7545	0.5537
7546	0.5537
7547	0.5536
7548	0.5535
7549	0.5535
7550	0.5534
7551	0.5534
7552	0.5533
7553	0.5532
7554	0.5532
7555	0.5531
7556	0.5530
7557	0.5530
7558	0.5529
7559	0.5528
7560	0.5528
7561	0.5527
7562	0.5526
7563	0.5526
7564	0.5525
7565	0.5525
7566	0.5524
7567	0.5523
7568	0.5523
7569	0.5522
7570	0.5521
7571	0.5521
7572	0.5520
7573	0.5519
7574	0.5519
7575	0.5518
7576	0.5518
7577	0.5517
7578	0.5516
7579	0.5516
7580	0.5515
7581	0.5514
7582	0.5514
7583	0.5513
7584	0.5512
7585	0.5512
7586	0.5511
7587	0.5510
7588	0.5510
7589	0.5509
7590	0.5509
7591	0.5508
7592	0.5507
7593	0.5507
7594	0.5506
7595	0.5505
7596	0.5505
7597	0.5504
7598	0.5503
7599	0.5503
7600	0.5502
7601	0.5502
7602	0.5501
7603	0.5500
7604	0.5500
7605	0.5499
7606	0.5498
7607	0.5498
7608	0.5497
7609	0.5496
7610	0.5496
7611	0.5495
7612	0.5495
7613	0.5494
7614	0.5493
7615	0.5493
7616	0.5492
7617	0.5491
7618	0.5491
7619	0.5490
7620	0.5489
7621	0.5489
7622	0.5488
7623	0.5488
7624	0.5487
7625	0.5486
7626	0.5486
7627	0.5485
7628	0.5484
7629	0.5484
7630	0.5483
7631	0.5482
7632	0.5482
7633	0.5481
7634	0.5481
7635	0.5480
7636	0.5479
7637	0.5479
7638	0.5478
7639	0.5477
7640	0.5477
7641	0.5476
7642	0.5475
7643	0.5475
7644	0.5474
7645	0.5474
7646	0.5473
7647	0.5472
7648	0.5472
7649	0.5471
7650	0.5470
7651	0.5470
7652	0.5469
7653	0.5468
7654	0.5468
7655	0.5467
7656	0.5467
7657	0.5466
7658	0.5465
7659	0.5465
7660	0.5464
7661	0.5463
7662	0.5463
7663	0.5462
7664	0.5462
7665	0.5461
7666	0.5460
7667	0.5460
7668	0.5459
7669	0.5458
7670	0.5458
7671	0.5457
7672	0.5456
7673	0.5456
7674	0.5455
7675	0.5455
7676	0.5454
7677	0.5453
7678	0.5453
7679	0.5452
7680	0.5451
7681	0.5451
7682	0.5450
7683	0.5449
7684	0.5449
7685	0.5448
7686	0.5448
7687	0.5447
7688	0.5446
7689	0.5446
7690	0.5445
7691	0.5444
7692	0.5444
7693	0.5443
7694	0.5443
7695	0.5442
7696	0.5441
7697	0.5441
7698	0.5440
7699	0.5439
7700	0.5439
7701	0.5438
7702	0.5437
7703	0.5437
7704	0.5436
7705	0.5436
7706	0.5435
7707	0.5434
7708	0.5434
7709	0.5433
7710	0.5432
7711	0.5432
7712	0.5431
7713	0.5431
7714	0.5430
7715	0.5429
7716	0.5429
7717	0.5428
7718	0.5427
7719	0.5427
7720	0.5426
7721	0.5425
7722	0.5425
7723	0.5424
7724	0.5424
7725	0.5423
7726	0.5422
7727	0.5422
7728	0.5421
7729	0.5420
7730	0.5420
7731	0.5419
7732	0.5419
7733	0.5418
7734	0.5417
7735	0.5417
7736	0.5416
7737	0.5415
7738	0.5415
7739	0.5414
7740	0.5414
7741	0.5413
7742	0.5412
7743	0.5412
7744	0.5411
7745	0.5410
7746	0.5410
7747	0.5409
7748	0.5408
7749	0.5408
7750	0.5407
7751	0.5407
7752	0.5406
7753	0.5405
7754	0.5405
7755	0.5404
7756	0.5403
7757	0.5403
7758	0.5402
7759	0.5402
7760	0.5401
7761	0.5400
7762	0.5400
7763	0.5399
7764	0.5398
7765	0.5398
7766	0.5397
7767	0.5397
7768	0.5396
7769	0.5395
7770	0.5395
7771	0.5394
7772	0.5393
7773	0.5393
7774	0.5392
7775	0.5392
7776	0.5391
7777	0.5390
7778	0.5390
7779	0.5389
7780	0.5388
7781	0.5388
7782	0.5387
7783	0.5386
7784	0.5386
7785	0.5385
7786	0.5385
7787	0.5384
7788	0.5383
7789	0.5383
7790	0.5382
7791	0.5381
7792	0.5381
7793	0.5380
7794	0.5380
7795	0.5379
7796	0.5378
7797	0.5378
7798	0.5377
7799	0.5376
7800	0.5376
7801	0.5375
7802	0.5375
7803	0.5374
7804	0.5373
7805	0.5373
7806	0.5372
7807	0.5371
7808	0.5371
7809	0.5370
7810	0.5370
7811	0.5369
7812	0.5368
7813	0.5368
7814	0.5367
7815	0.5366
7816	0.5366
7817	0.5365
7818	0.5365
7819	0.5364
7820	0.5363
7821	0.5363
7822	0.5362
7823	0.5361
7824	0.5361
7825	0.5360
7826	0.5360
7827	0.5359
7828	0.5358
7829	0.5358
7830	0.5357
7831	0.5356
7832	0.5356
7833	0.5355
7834	0.5355
7835	0.5354
7836	0.5353
7837	0.5353
7838	0.5352
7839	0.5351
7840	0.5351
7841	0.5350
7842	0.5350
7843	0.5349
7844	0.5348
7845	0.5348
7846	0.5347
7847	0.5346
7848	0.5346
7849	0.5345
7850	0.5345
7851	0.5344
7852	0.5343
7853	0.5343
7854	0.5342
7855	0.5341
7856	0.5341
7857	0.5340
7858	0.5340
7859	0.5339
7860	0.5338
7861	0.5338
7862	0.5337
7863	0.5336
7864	0.5336
7865	0.5335
7866	0.5335
7867	0.5334
7868	0.5333
7869	0.5333
7870	0.5332
7871	0.5332
7872	0.5331
7873	0.5330
7874	0.5330
7875	0.5329
7876	0.5328
7877	0.5328
7878	0.5327
7879	0.5327
7880	0.5326
7881	0.5325
7882	0.5325
7883	0.5324
7884	0.5323
7885	0.5323
7886	0.5322
7887	0.5322
7888	0.5321
7889	0.5320
7890	0.5320
7891	0.5319
7892	0.5318
7893	0.5318
7894	0.5317
7895	0.5317
7896	0.5316
7897	0.5315
7898	0.5315
7899	0.5314
7900	0.5313
7901	0.5313
7902	0.5312
7903	0.5312
7904	0.5311
7905	0.5310
7906	0.5310
7907	0.5309
7908	0.5309
7909	0.5308
7910	0.5307
7911	0.5307
7912	0.5306
7913	0.5305
7914	0.5305
7915	0.5304
7916	0.5304
7917	0.5303
7918	0.5302
7919	0.5302
7920	0.5301
7921	0.5300
7922	0.5300
7923	0.5299
7924	0.5299
7925	0.5298
7926	0.5297
7927	0.5297
7928	0.5296
7929	0.5295
7930	0.5295
7931	0.5294
7932	0.5294
7933	0.5293
7934	0.5292
7935	0.5292
7936	0.5291
7937	0.5291
7938	0.5290
7939	0.5289
7940	0.5289
7941	0.5288
7942	0.5287
7943	0.5287
7944	0.5286
7945	0.5286
7946	0.5285
7947	0.5284
7948	0.5284
7949	0.5283
7950	0.5283
7951	0.5282
7952	0.5281
7953	0.5281
7954	0.5280
7955	0.5279
7956	0.5279
7957	0.5278
7958	0.5278
7959	0.5277
7960	0.5276
7961	0.5276
7962	0.5275
7963	0.5274
7964	0.5274
7965	0.5273
7966	0.5273
7967	0.5272
7968	0.5271
7969	0.5271
7970	0.5270
7971	0.5270
7972	0.5269
7973	0.5268
7974	0.5268
7975	0.5267
7976	0.5266
7977	0.5266
7978	0.5265
7979	0.5265
7980	0.5264
7981	0.5263
7982	0.5263
7983	0.5262
7984	0.5262
7985	0.5261
7986	0.5260
7987	0.5260
7988	0.5259
7989	0.5258
7990	0.5258
7991	0.5257
7992	0.5257
7993	0.5256
7994	0.5255
7995	0.5255
7996	0.5254
7997	0.5254
7998	0.5253
7999	0.5252
8000	0.5252
